date,volume,open,high,low,close,MACD,RSI
2021-01-07,43546164.28,0.1936,0.5,0.1429,0.2005,0.0,
2021-01-08,34163946.86,0.2031,0.239,0.144,0.1844,-0.0,
2021-01-09,13372480.02,0.1825,0.2142,0.1677,0.1891,-0.0,
2021-01-10,12453590.77,0.1894,0.1994,0.162,0.1894,-0.0,
2021-01-11,7150911.31,0.1856,0.1857,0.1323,0.1551,-0.01,
2021-01-12,5393541.15,0.155,0.1779,0.1475,0.1648,-0.01,
2021-01-13,7622950.18,0.1649,0.19,0.156,0.1772,-0.01,
2021-01-14,21778405.79,0.1771,0.2454,0.1726,0.2333,-0.0,
2021-01-15,20145216.42,0.234,0.26,0.1819,0.2012,-0.0,
2021-01-16,7801789.79,0.2012,0.2195,0.1867,0.1955,-0.0,
2021-01-17,8867777.19,0.1956,0.1985,0.1691,0.1841,-0.0,
2021-01-18,7803965.28,0.1843,0.2075,0.1785,0.1966,-0.0,
2021-01-19,6323423.89,0.1965,0.2095,0.1761,0.182,-0.0,
2021-01-20,2804863.64,0.182,0.1876,0.1741,0.181,-0.0,
2021-01-21,3575366.37,0.1819,0.1831,0.1582,0.1594,-0.01,41.16
2021-01-22,3634634.28,0.1586,0.174,0.1458,0.1658,-0.01,45.83
2021-01-23,2589940.67,0.1657,0.1745,0.163,0.1675,-0.01,45.09
2021-01-24,3093122.76,0.167,0.1716,0.1269,0.1636,-0.01,44.23
2021-01-25,3207242.61,0.1624,0.1808,0.1624,0.164,-0.01,52.35
2021-01-26,3402645.93,0.164,0.1664,0.1516,0.1601,-0.01,48.72
2021-01-27,1694197.85,0.1603,0.1633,0.1465,0.1508,-0.01,42.69
2021-01-28,4492025.44,0.1509,0.1786,0.1481,0.1717,-0.01,28.82
2021-01-29,4919277.98,0.1718,0.1815,0.1563,0.1636,-0.01,34.51
2021-01-30,1856659.26,0.1635,0.1693,0.1603,0.1667,-0.01,37.88
2021-01-31,1744893.54,0.1666,0.1673,0.1597,0.1611,-0.01,39.82
2021-02-01,2961256.34,0.161,0.1696,0.1555,0.1635,-0.01,33.92
2021-02-02,3217004.66,0.1637,0.1768,0.1629,0.1701,-0.01,43.73
2021-02-03,8582167.38,0.1701,0.191,0.1692,0.184,-0.01,51.39
2021-02-04,6767618.5,0.1851,0.1946,0.1729,0.1836,-0.0,63.97
2021-02-05,8864639.46,0.1839,0.1989,0.182,0.1921,-0.0,64.83
2021-02-06,39923318.72,0.1922,0.2664,0.1886,0.2371,0.0,76.36
2021-02-07,53100507.05,0.2371,0.285,0.2068,0.215,0.01,67.11
2021-02-08,21713768.03,0.2166,0.2652,0.2086,0.251,0.01,73.41
2021-02-09,14772773.74,0.2514,0.2758,0.2488,0.2587,0.01,76.0
2021-02-10,17392582.88,0.2591,0.294,0.24,0.2659,0.02,80.69
2021-02-11,14836862.85,0.2639,0.31,0.245,0.3017,0.02,82.11
2021-02-12,13390651.4,0.3017,0.335,0.293,0.3194,0.03,86.75
2021-02-13,10939937.6,0.3197,0.34,0.305,0.327,0.03,87.02
2021-02-14,12161595.22,0.327,0.3349,0.276,0.284,0.03,74.2
2021-02-15,7972859.25,0.284,0.3182,0.2698,0.2837,0.03,73.87
2021-02-16,5010912.65,0.2845,0.309,0.278,0.2889,0.03,73.72
2021-02-17,5729413.05,0.2889,0.3223,0.2885,0.3065,0.03,74.1
2021-02-18,8398723.07,0.306,0.34,0.3045,0.328,0.03,76.24
2021-02-19,7535463.93,0.328,0.37,0.3215,0.3548,0.04,77.72
2021-02-20,10090519.12,0.3547,0.3641,0.3008,0.3076,0.04,61.92
2021-02-21,4093157.46,0.3077,0.3369,0.3007,0.3121,0.03,67.46
2021-02-22,7629135.05,0.312,0.3149,0.2408,0.275,0.03,54.3
2021-02-23,9093909.03,0.2755,0.2793,0.1829,0.2288,0.02,45.29
2021-02-24,3201635.87,0.2288,0.2573,0.2243,0.2502,0.02,47.63
2021-02-25,4958820.12,0.2512,0.2861,0.2369,0.2375,0.01,39.6
2021-02-26,4443474.95,0.2392,0.263,0.2308,0.2376,0.01,35.95
2021-02-27,2184222.59,0.2376,0.2583,0.2335,0.2437,0.01,35.62
2021-02-28,4370824.35,0.2437,0.26,0.2158,0.2402,0.0,41.25
2021-03-01,2812423.18,0.2403,0.27,0.2364,0.2648,0.0,46.56
2021-03-02,1855342.94,0.2647,0.271,0.2452,0.2522,0.0,43.49
2021-03-03,2585344.41,0.2532,0.2835,0.2522,0.2702,0.0,43.57
2021-03-04,3519217.88,0.2702,0.277,0.2553,0.2591,0.0,37.33
2021-03-05,7270315.49,0.2586,0.2792,0.2464,0.2661,0.0,32.41
2021-03-06,4101014.24,0.2661,0.285,0.2576,0.2773,0.0,42.99
2021-03-07,4799672.33,0.2774,0.2998,0.2722,0.284,0.01,43.56
2021-03-08,3035123.81,0.2837,0.3,0.2761,0.2989,0.01,56.09
2021-03-09,3989321.04,0.2989,0.325,0.2958,0.3109,0.01,75.36
2021-03-10,3989729.91,0.3109,0.3325,0.296,0.317,0.01,72.78
2021-03-11,5772997.22,0.3187,0.3315,0.2976,0.3273,0.02,81.14
2021-03-12,4015203.6,0.3273,0.3334,0.3057,0.3198,0.02,77.11
2021-03-13,6277616.86,0.3199,0.3464,0.3118,0.3448,0.02,79.65
2021-03-14,9515821.54,0.3446,0.3588,0.3321,0.3368,0.02,77.6
2021-03-15,4821407.84,0.3367,0.3498,0.3007,0.3173,0.02,65.45
2021-03-16,9529664.13,0.3174,0.3338,0.2882,0.3187,0.02,70.95
2021-03-17,4507000.41,0.3188,0.34,0.3153,0.3332,0.02,70.3
2021-03-18,6909463.7,0.3335,0.3646,0.3319,0.342,0.02,77.11
2021-03-19,4584622.91,0.343,0.3554,0.3305,0.3355,0.02,72.77
2021-03-20,4052513.6,0.3356,0.358,0.3346,0.3365,0.02,70.82
2021-03-21,4705814.02,0.3365,0.35,0.3164,0.3215,0.02,62.46
2021-03-22,3760257.08,0.3215,0.3397,0.3058,0.3126,0.02,54.74
2021-03-23,2000880.28,0.3127,0.3238,0.3014,0.3139,0.01,51.12
2021-03-24,2817860.3,0.3138,0.3418,0.3056,0.309,0.01,46.98
2021-03-25,2337339.63,0.3103,0.3197,0.2915,0.3012,0.01,39.97
2021-03-26,2273638.75,0.3026,0.33,0.2999,0.3261,0.01,52.14
2021-03-27,3270249.2,0.3265,0.339,0.32,0.3358,0.01,46.6
2021-03-28,2811966.38,0.3346,0.343,0.3222,0.3281,0.01,46.7
2021-03-29,3050995.31,0.3283,0.3513,0.3247,0.3445,0.01,60.56
2021-03-30,3732745.89,0.3462,0.3563,0.34,0.3503,0.01,61.86
2021-03-31,7662029.68,0.3504,0.3718,0.3359,0.351,0.01,57.45
2021-04-01,4558809.66,0.3513,0.3567,0.3435,0.3489,0.01,53.06
2021-04-02,4632172.04,0.3488,0.3604,0.3423,0.3462,0.01,54.91
2021-04-03,5307276.53,0.3466,0.36,0.3378,0.3389,0.01,51.04
2021-04-04,4716261.33,0.3388,0.36,0.3334,0.3532,0.01,63.84
2021-04-05,7906236.46,0.3535,0.3616,0.3382,0.3521,0.01,68.51
2021-04-06,36336920.08,0.3523,0.415,0.3522,0.3788,0.02,74.56
2021-04-07,12585785.82,0.3756,0.3841,0.3184,0.33,0.01,55.97
2021-04-08,6169945.54,0.3317,0.3592,0.3215,0.354,0.01,63.74
2021-04-09,4328045.07,0.354,0.3658,0.3422,0.3458,0.01,55.61
2021-04-10,7723117.76,0.3459,0.3803,0.3424,0.358,0.01,56.24
2021-04-11,15584249.58,0.3587,0.4,0.3536,0.3911,0.01,65.49
2021-04-12,31630618.66,0.3911,0.46,0.3832,0.443,0.02,70.62
2021-04-13,21035022.37,0.4429,0.4529,0.3814,0.4053,0.02,60.16
2021-04-14,9691100.57,0.4051,0.4067,0.355,0.3787,0.02,54.67
2021-04-15,6420286.12,0.38,0.3972,0.3733,0.3882,0.02,56.46
2021-04-16,8629558.55,0.388,0.3997,0.3555,0.357,0.02,51.62
2021-04-17,5971791.1,0.357,0.395,0.3541,0.3665,0.02,54.12
2021-04-18,10898313.0,0.3665,0.3706,0.2995,0.329,0.01,46.62
2021-04-19,5597391.81,0.329,0.3448,0.2908,0.2914,0.0,42.31
2021-04-20,6568986.94,0.2917,0.3325,0.273,0.3218,0.0,42.84
2021-04-21,3711501.82,0.3218,0.3239,0.2905,0.2924,-0.0,45.04
2021-04-22,4178279.83,0.2911,0.3208,0.2811,0.2925,-0.01,41.34
2021-04-23,5532126.08,0.2926,0.298,0.26,0.2852,-0.01,41.44
2021-04-24,2246562.85,0.2863,0.287,0.26,0.2679,-0.01,37.45
2021-04-25,2097633.46,0.2676,0.283,0.2524,0.2668,-0.02,31.0
2021-04-26,6062431.79,0.2659,0.3319,0.2656,0.3024,-0.02,27.38
2021-04-27,17331617.18,0.3023,0.34,0.2972,0.3228,-0.01,35.95
2021-04-28,15329136.73,0.3227,0.345,0.2952,0.3199,-0.01,39.1
2021-04-29,11532222.81,0.3199,0.329,0.3031,0.3177,-0.01,36.57
2021-04-30,15673488.87,0.3179,0.336,0.3124,0.3303,-0.01,44.53
2021-05-01,48336971.14,0.3303,0.3798,0.3259,0.3474,-0.01,46.2
2021-05-02,46753744.15,0.3474,0.355,0.3251,0.3462,-0.0,54.0
2021-05-03,36416817.68,0.3462,0.3633,0.3206,0.3275,-0.0,59.2
2021-05-04,35269427.13,0.3275,0.3355,0.2961,0.2967,-0.0,43.62
2021-05-05,29689276.75,0.2964,0.34,0.2949,0.3313,-0.0,59.63
2021-05-06,14194568.67,0.3314,0.3537,0.3187,0.3307,-0.0,59.44
2021-05-07,6275002.7,0.3304,0.335,0.3095,0.3166,-0.0,57.5
2021-05-08,7655027.14,0.3177,0.3468,0.3167,0.3255,-0.0,64.34
2021-05-09,7698197.49,0.325,0.3489,0.3186,0.3352,-0.0,66.33
2021-05-10,9082856.18,0.3351,0.358,0.3023,0.3184,-0.0,54.2
2021-05-11,6176518.51,0.3178,0.3287,0.2969,0.317,-0.0,48.31
2021-05-12,8973163.27,0.318,0.3198,0.2654,0.2657,-0.01,37.68
2021-05-13,8264690.83,0.2659,0.2747,0.2529,0.2614,-0.01,37.33
2021-05-14,8940075.81,0.2622,0.2733,0.2559,0.2637,-0.01,34.28
2021-05-15,12854484.76,0.2637,0.2918,0.2459,0.2462,-0.02,26.15
2021-05-16,12228768.57,0.2477,0.2706,0.23,0.2452,-0.02,26.18
2021-05-17,4751327.39,0.2459,0.2462,0.2216,0.2306,-0.02,26.7
2021-05-18,3727173.32,0.2314,0.2422,0.2238,0.2313,-0.02,31.61
2021-05-19,35896518.81,0.232,0.2601,0.1465,0.1862,-0.03,11.47
2021-05-20,21680905.07,0.1862,0.252,0.1729,0.2178,-0.03,24.26
2021-05-21,13369968.26,0.2182,0.2337,0.1805,0.1999,-0.03,23.85
2021-05-22,9347171.14,0.1999,0.23,0.1925,0.201,-0.03,21.09
2021-05-23,13056064.83,0.2015,0.2127,0.1737,0.1886,-0.03,16.38
2021-05-24,8200599.14,0.1894,0.2124,0.1847,0.2077,-0.03,24.88
2021-05-25,6660829.0,0.2077,0.2177,0.2,0.2084,-0.03,25.27
2021-05-26,6939449.13,0.2078,0.2236,0.2064,0.2172,-0.03,36.31
2021-05-27,3873504.08,0.2172,0.221,0.205,0.2094,-0.03,35.6
2021-05-28,5381641.19,0.2096,0.214,0.1928,0.199,-0.03,32.86
2021-05-29,3549200.21,0.1998,0.204,0.1862,0.1919,-0.03,34.77
2021-05-30,3920142.26,0.1914,0.1999,0.1848,0.1949,-0.03,36.05
2021-05-31,4153362.98,0.1946,0.206,0.1866,0.202,-0.03,41.72
2021-06-01,2809818.9,0.2015,0.2037,0.1952,0.1969,-0.03,40.29
2021-06-02,2560915.04,0.1981,0.2034,0.1949,0.2,-0.02,55.1
2021-06-03,4248978.16,0.2001,0.2115,0.198,0.208,-0.02,45.61
2021-06-04,5258616.55,0.2082,0.2084,0.1909,0.1925,-0.02,46.61
2021-06-05,3509362.41,0.1929,0.1993,0.1859,0.1881,-0.02,44.27
2021-06-06,3806575.5,0.1881,0.194,0.1872,0.1899,-0.02,50.64
2021-06-07,5186507.63,0.1897,0.1941,0.1786,0.1791,-0.02,34.72
2021-06-08,20244363.03,0.1793,0.2025,0.162,0.1765,-0.02,33.3
2021-06-09,22365223.6,0.1764,0.1978,0.1735,0.1943,-0.02,39.04
2021-06-10,18006989.22,0.1941,0.1975,0.1845,0.186,-0.02,38.86
2021-06-11,12813380.4,0.1861,0.1908,0.1828,0.1841,-0.02,42.28
2021-06-12,10862968.76,0.184,0.1845,0.1774,0.1795,-0.02,43.4
2021-06-13,6593530.31,0.1795,0.186,0.1762,0.186,-0.02,45.44
2021-06-14,14427843.5,0.186,0.1974,0.1856,0.1974,-0.01,47.74
2021-06-15,11890026.77,0.1974,0.1982,0.1877,0.1879,-0.01,45.76
2021-06-16,16982501.67,0.1875,0.1876,0.1734,0.1737,-0.01,38.79
2021-06-17,13184252.43,0.1741,0.185,0.1676,0.1686,-0.01,32.78
2021-06-18,10187577.54,0.1685,0.1703,0.1583,0.1604,-0.02,35.01
2021-06-19,12707654.68,0.1601,0.1657,0.1571,0.1621,-0.02,37.55
2021-06-20,12608205.98,0.162,0.1625,0.1532,0.1588,-0.02,35.32
2021-06-21,15803866.9,0.1587,0.1594,0.1456,0.1464,-0.02,34.79
2021-06-22,18782377.07,0.1464,0.1537,0.124,0.1426,-0.02,34.41
2021-06-23,10539745.07,0.1427,0.158,0.1414,0.1563,-0.02,31.84
2021-06-24,10664968.91,0.1569,0.157,0.143,0.1536,-0.02,33.64
2021-06-25,10298993.14,0.154,0.156,0.1428,0.1433,-0.02,31.01
2021-06-26,7187257.4,0.1428,0.145,0.1367,0.1428,-0.02,32.24
2021-06-27,5156418.83,0.1434,0.1511,0.1415,0.151,-0.02,33.33
2021-06-28,5743698.54,0.1513,0.1587,0.1478,0.1513,-0.02,25.45
2021-06-29,5597356.12,0.1513,0.1597,0.1481,0.1545,-0.01,30.94
2021-06-30,5510276.7,0.1546,0.1689,0.152,0.1597,-0.01,41.09
2021-07-01,2457351.62,0.1602,0.1602,0.1503,0.1534,-0.01,40.48
2021-07-02,2345945.79,0.1529,0.1562,0.1514,0.1556,-0.01,46.75
2021-07-03,2295708.65,0.1557,0.1596,0.1535,0.158,-0.01,47.25
2021-07-04,3105859.58,0.1578,0.1638,0.1553,0.1608,-0.01,51.35
2021-07-05,2812083.8,0.1604,0.1604,0.154,0.1552,-0.01,56.55
2021-07-06,6287364.24,0.1553,0.1659,0.1553,0.1656,-0.01,65.58
2021-07-07,8011274.72,0.1646,0.176,0.1633,0.1666,-0.01,58.43
2021-07-08,5058850.89,0.1666,0.1671,0.1585,0.1619,-0.01,56.58
2021-07-09,3560575.91,0.1615,0.1635,0.159,0.1614,-0.0,66.98
2021-07-10,3857421.86,0.1615,0.1675,0.1589,0.1636,-0.0,68.91
2021-07-11,2989815.41,0.1642,0.1687,0.1626,0.1643,-0.0,64.0
2021-07-12,3499121.7,0.1643,0.1653,0.1574,0.1587,-0.0,57.01
2021-07-13,2471271.26,0.1584,0.159,0.1542,0.1554,-0.0,50.85
2021-07-14,2483917.01,0.1555,0.1582,0.1525,0.1554,-0.0,45.49
2021-07-15,3793368.34,0.1552,0.1597,0.1531,0.1575,-0.0,54.71
2021-07-16,8488869.92,0.1578,0.1649,0.154,0.1598,-0.0,54.82
2021-07-17,5014148.71,0.1594,0.1647,0.1564,0.1617,-0.0,54.29
2021-07-18,6783915.26,0.1617,0.1681,0.1525,0.1547,-0.0,43.55
2021-07-19,5000437.57,0.1545,0.1568,0.1491,0.1496,-0.0,44.02
2021-07-20,1732709.47,0.1496,0.1503,0.1444,0.146,-0.0,25.5
2021-07-21,5634236.76,0.1462,0.1554,0.1445,0.1521,-0.0,33.92
2021-07-22,8340594.19,0.152,0.1635,0.1513,0.1587,-0.0,46.6
2021-07-23,4245503.64,0.1588,0.1633,0.1499,0.1596,-0.0,48.1
2021-07-24,5301801.65,0.1601,0.1734,0.1597,0.1673,-0.0,53.5
2021-07-25,2252416.68,0.1676,0.1715,0.1666,0.1715,-0.0,56.38
2021-07-26,11399240.14,0.1712,0.196,0.1703,0.185,0.0,70.45
2021-07-27,6823020.06,0.1849,0.1892,0.1785,0.181,0.0,69.69
2021-07-28,9979308.55,0.1806,0.1957,0.1783,0.1881,0.0,72.68
2021-07-29,5017905.37,0.1882,0.1919,0.186,0.1886,0.01,72.06
2021-07-30,7954168.66,0.1886,0.195,0.1787,0.1942,0.01,73.31
2021-07-31,7573715.41,0.1944,0.2011,0.1919,0.1968,0.01,73.56
2021-08-01,2526226.41,0.197,0.2,0.1892,0.1909,0.01,74.66
2021-08-02,2003142.15,0.1903,0.1916,0.1849,0.1867,0.01,75.59
2021-08-03,2346046.16,0.1869,0.1883,0.1804,0.1826,0.01,75.07
2021-08-04,4187829.42,0.1825,0.1912,0.181,0.1907,0.01,75.73
2021-08-05,8771438.63,0.1907,0.1936,0.1813,0.1907,0.01,73.39
2021-08-06,35060745.35,0.1907,0.21,0.1896,0.203,0.01,77.19
2021-08-07,13230619.18,0.2031,0.22,0.2026,0.2139,0.01,78.07
2021-08-08,10050302.19,0.2155,0.2212,0.2072,0.2128,0.01,75.84
2021-08-09,7816459.88,0.2134,0.2257,0.207,0.2237,0.01,75.03
2021-08-10,6102347.94,0.2238,0.2261,0.2166,0.2195,0.01,74.84
2021-08-11,8170012.33,0.2195,0.233,0.219,0.2264,0.01,74.77
2021-08-12,6113113.88,0.2258,0.2307,0.2169,0.2199,0.01,68.79
2021-08-13,8337779.92,0.22,0.2358,0.2191,0.2343,0.02,71.77
2021-08-14,9754942.8,0.2343,0.2412,0.2308,0.2349,0.02,71.14
2021-08-15,10616993.51,0.2349,0.2409,0.2309,0.2373,0.02,76.79
2021-08-16,11200894.36,0.2378,0.249,0.2328,0.2351,0.02,78.61
2021-08-17,5262272.52,0.2351,0.2369,0.2251,0.227,0.02,75.06
2021-08-18,7657914.49,0.2258,0.2379,0.2241,0.2286,0.02,73.08
2021-08-19,7433025.37,0.2286,0.2325,0.2217,0.2299,0.01,73.5
2021-08-20,10097463.8,0.2297,0.2443,0.2284,0.244,0.02,74.06
2021-08-21,6541627.63,0.244,0.249,0.2372,0.2439,0.02,70.16
2021-08-22,6942246.2,0.2439,0.2548,0.2426,0.2501,0.02,73.46
2021-08-23,5934444.77,0.25,0.2574,0.248,0.2523,0.02,70.2
2021-08-24,2893952.21,0.2518,0.2534,0.2405,0.2406,0.02,63.47
2021-08-25,3808268.17,0.2406,0.2501,0.2388,0.2479,0.02,63.66
2021-08-26,2783285.49,0.2486,0.2504,0.2348,0.2379,0.01,60.95
2021-08-27,4402901.91,0.2392,0.2494,0.2355,0.249,0.01,59.32
2021-08-28,2626197.25,0.2493,0.2518,0.2447,0.2458,0.01,56.69
2021-08-29,6963667.0,0.2465,0.2508,0.2398,0.2467,0.01,55.87
2021-08-30,2577963.0,0.2484,0.2493,0.2401,0.2412,0.01,53.66
2021-08-31,3137125.0,0.2419,0.2465,0.2398,0.243,0.01,60.39
2021-09-01,4516307.86,0.2425,0.2532,0.2393,0.2524,0.01,64.03
2021-09-02,5932306.98,0.2524,0.2625,0.2515,0.2596,0.01,66.37
2021-09-03,5500207.95,0.2595,0.2672,0.2553,0.2611,0.01,60.95
2021-09-04,4964771.0,0.2611,0.268,0.2601,0.2633,0.01,62.09
2021-09-05,4969101.01,0.2632,0.2729,0.2593,0.2697,0.01,62.19
2021-09-06,4721390.0,0.2698,0.2721,0.2613,0.2628,0.01,56.17
2021-09-07,12095106.46,0.2626,0.2691,0.222,0.2371,0.01,48.23
2021-09-08,3736712.0,0.2384,0.2422,0.2274,0.2332,0.01,42.32
2021-09-09,4617343.0,0.2332,0.2412,0.2297,0.2331,0.01,47.2
2021-09-10,4293780.0,0.2338,0.2397,0.2229,0.227,0.0,36.39
2021-09-11,1790610.0,0.2276,0.231,0.2233,0.2283,0.0,38.91
2021-09-12,1745097.0,0.2283,0.234,0.2257,0.233,0.0,41.72
2021-09-13,4079540.99,0.2329,0.2336,0.2107,0.2254,0.0,40.68
2021-09-14,2627551.0,0.2254,0.2364,0.224,0.2329,-0.0,44.42
2021-09-15,2102039.0,0.2331,0.2386,0.2314,0.2369,-0.0,40.89
2021-09-16,2709260.0,0.2369,0.2397,0.2325,0.2346,-0.0,34.41
2021-09-17,8948324.0,0.2351,0.248,0.2294,0.2379,-0.0,35.85
2021-09-18,8458324.0,0.2378,0.2552,0.2364,0.2454,0.0,39.75
2021-09-19,9609101.0,0.2458,0.2504,0.24,0.2433,0.0,34.1
2021-09-20,8382442.0,0.2436,0.2467,0.2159,0.2196,-0.0,28.36
2021-09-21,7261661.0,0.2192,0.2203,0.1929,0.1955,-0.0,28.82
2021-09-22,4884691.0,0.1954,0.2173,0.194,0.2144,-0.0,41.7
2021-09-23,4206377.0,0.2143,0.22,0.2102,0.2194,-0.01,44.2
2021-09-24,4152172.0,0.2199,0.22,0.198,0.2069,-0.01,41.93
2021-09-25,2124480.0,0.2072,0.208,0.2002,0.205,-0.01,40.69
2021-09-26,4551990.0,0.2049,0.2097,0.1962,0.2051,-0.01,38.42
2021-09-27,4233524.0,0.205,0.2164,0.2039,0.2055,-0.01,41.22
2021-09-28,2899497.0,0.2053,0.2075,0.1957,0.1961,-0.01,34.03
2021-09-29,1957987.0,0.1963,0.2049,0.1947,0.1994,-0.01,33.62
2021-09-30,2615726.0,0.1991,0.2104,0.1988,0.2078,-0.01,38.89
2021-10-01,7263264.0,0.2083,0.233,0.2058,0.2291,-0.01,46.83
2021-10-02,5896279.0,0.2295,0.231,0.2244,0.2249,-0.01,42.42
2021-10-03,2582574.0,0.2249,0.2275,0.2212,0.2237,-0.0,42.71
2021-10-04,2997070.0,0.2235,0.2282,0.2166,0.224,-0.0,51.98
2021-10-05,4234873.0,0.2246,0.2381,0.2209,0.2343,-0.0,69.96
2021-10-06,13067895.0,0.2348,0.264,0.2271,0.2627,0.0,72.63
2021-10-07,6885288.0,0.2627,0.2685,0.2544,0.2568,0.0,67.38
2021-10-08,2930816.0,0.2566,0.2612,0.2494,0.2509,0.01,71.78
2021-10-09,1760173.0,0.2509,0.256,0.2501,0.2549,0.01,74.2
2021-10-10,3801928.0,0.2551,0.2642,0.2505,0.2547,0.01,74.03
2021-10-11,9734788.0,0.2543,0.2775,0.2526,0.2654,0.01,76.39
2021-10-12,5718125.0,0.2653,0.267,0.2557,0.2595,0.01,78.82
2021-10-13,4445068.0,0.2593,0.2622,0.2491,0.2598,0.01,78.22
2021-10-14,3119331.0,0.2606,0.2635,0.2515,0.2528,0.01,71.31
2021-10-15,4933503.0,0.2525,0.267,0.2501,0.2659,0.01,68.89
2021-10-16,2964563.0,0.266,0.2738,0.2581,0.2597,0.01,67.51
2021-10-17,35744218.38,0.2597,0.3,0.2556,0.2824,0.01,74.28
2021-10-18,6798943.0,0.2817,0.2956,0.2739,0.2814,0.01,73.6
2021-10-19,5251311.0,0.2814,0.288,0.2721,0.2782,0.01,69.17
2021-10-20,3747153.0,0.2782,0.2913,0.2755,0.2845,0.01,61.8
2021-10-21,11855277.0,0.2845,0.3042,0.2752,0.2774,0.01,61.0
2021-10-22,6345593.0,0.2777,0.2879,0.2687,0.2707,0.01,60.49
2021-10-23,3174613.0,0.2715,0.2737,0.2651,0.27,0.01,58.29
2021-10-24,6210607.0,0.2706,0.2741,0.2585,0.2689,0.01,57.72
2021-10-25,3674052.0,0.2703,0.2777,0.2671,0.2725,0.01,54.18
2021-10-26,2031056.0,0.2725,0.2735,0.2633,0.2646,0.01,52.93
2021-10-27,2611309.0,0.2652,0.2692,0.2534,0.2583,0.01,49.19
2021-10-28,2770558.0,0.2583,0.2704,0.2565,0.2657,0.01,56.91
2021-10-29,2072962.0,0.2653,0.2733,0.2639,0.2709,0.01,52.93
2021-10-30,1873680.0,0.2718,0.2764,0.2673,0.2694,0.01,56.01
2021-10-31,2128857.0,0.2701,0.2716,0.2572,0.2683,0.01,38.07
2021-11-01,2272099.0,0.2682,0.269,0.2615,0.2628,0.01,35.38
2021-11-02,6299496.0,0.2632,0.2751,0.2608,0.2666,0.0,40.97
2021-11-03,4540395.0,0.2656,0.2768,0.2633,0.2725,0.0,40.6
2021-11-04,2284308.0,0.2725,0.2769,0.2688,0.2717,0.0,45.04
2021-11-05,2145137.0,0.2717,0.2746,0.2636,0.2656,0.0,45.52
2021-11-06,2055798.0,0.2654,0.2706,0.2576,0.2654,0.0,45.92
2021-11-07,3072221.0,0.2657,0.2735,0.265,0.2735,0.0,53.63
2021-11-08,6959975.0,0.2735,0.2969,0.2733,0.2909,0.01,61.92
2021-11-09,3610417.0,0.2908,0.2969,0.2857,0.2918,0.01,69.37
2021-11-10,6325470.94,0.2918,0.3077,0.2803,0.2899,0.01,74.01
2021-11-11,4532782.0,0.2896,0.297,0.285,0.2941,0.01,72.68
2021-11-12,2854070.0,0.294,0.2959,0.2782,0.2828,0.01,58.66
2021-11-13,2816070.0,0.2837,0.2855,0.2762,0.2851,0.01,61.29
2021-11-14,3661044.0,0.2847,0.2948,0.2808,0.2883,0.01,63.97
2021-11-15,1999819.0,0.2883,0.29,0.2816,0.2833,0.01,64.42
2021-11-16,4798737.0,0.2832,0.2832,0.2492,0.2595,0.0,46.1
2021-11-17,3896981.0,0.2592,0.2611,0.2509,0.2555,0.0,40.47
2021-11-18,3187701.0,0.2548,0.2603,0.241,0.2444,-0.0,36.28
2021-11-19,3235539.0,0.2444,0.2589,0.2382,0.2566,-0.0,45.74
2021-11-20,9213707.0,0.2564,0.2775,0.2525,0.2695,-0.0,51.73
2021-11-21,1759412.0,0.2701,0.2701,0.2625,0.2629,-0.0,45.46
2021-11-22,2334114.0,0.2625,0.2642,0.2494,0.25,-0.0,31.79
2021-11-23,1652356.0,0.2508,0.2582,0.2484,0.2564,-0.0,34.97
2021-11-24,3500473.0,0.2563,0.2563,0.2392,0.2412,-0.0,31.43
2021-11-25,3650519.0,0.2416,0.269,0.2415,0.2532,-0.0,35.28
2021-11-26,3922591.0,0.2542,0.2543,0.2322,0.2388,-0.01,34.51
2021-11-27,6209820.0,0.2373,0.258,0.2324,0.2412,-0.01,34.55
2021-11-28,2116665.0,0.2411,0.2448,0.2317,0.2448,-0.01,34.74
2021-11-29,4939490.0,0.2448,0.264,0.242,0.252,-0.01,39.18
2021-11-30,3206836.0,0.2526,0.2619,0.2464,0.2469,-0.01,45.0
2021-12-01,3101688.0,0.2469,0.2552,0.2432,0.2451,-0.01,45.8
2021-12-02,8225931.0,0.2461,0.2612,0.238,0.2451,-0.01,50.31
2021-12-03,5655195.0,0.245,0.2609,0.2275,0.2367,-0.01,40.86
2021-12-04,7824245.0,0.2367,0.2371,0.1921,0.2171,-0.01,27.34
2021-12-05,2775882.0,0.2171,0.2204,0.2036,0.2133,-0.01,28.01
2021-12-06,6890920.0,0.2133,0.2231,0.2002,0.218,-0.01,34.7
2021-12-07,4005183.0,0.218,0.2279,0.2131,0.2163,-0.01,29.93
2021-12-08,1906840.0,0.2145,0.22,0.2094,0.218,-0.01,36.57
2021-12-09,2123930.0,0.218,0.22,0.2036,0.2044,-0.01,22.27
2021-12-10,2833485.0,0.2046,0.2153,0.2031,0.2049,-0.01,27.13
2021-12-11,2286644.0,0.2061,0.2145,0.203,0.2103,-0.01,29.96
2021-12-12,3707203.0,0.2099,0.2234,0.2008,0.2157,-0.01,31.56
2021-12-13,3803664.0,0.2157,0.2157,0.1931,0.1976,-0.01,19.71
2021-12-14,3610569.0,0.1974,0.2082,0.1929,0.206,-0.01,28.03
2021-12-15,2553002.0,0.2057,0.2089,0.1952,0.2033,-0.01,27.77
2021-12-16,5576020.0,0.2036,0.2204,0.2006,0.207,-0.01,30.5
2021-12-17,3269886.0,0.2065,0.2099,0.1951,0.1992,-0.01,30.69
2021-12-18,2217208.0,0.1992,0.2063,0.1943,0.2005,-0.01,39.47
2021-12-19,6620521.0,0.2005,0.219,0.1987,0.2012,-0.01,42.01
2021-12-20,3236155.0,0.2012,0.2068,0.1973,0.2037,-0.01,40.27
2021-12-21,1974111.0,0.2037,0.211,0.2017,0.2099,-0.01,45.9
2021-12-22,3855528.0,0.2099,0.218,0.2034,0.2078,-0.01,43.49
2021-12-23,2132429.0,0.2076,0.2158,0.204,0.214,-0.01,56.76
2021-12-24,5546674.0,0.2144,0.2327,0.212,0.2162,-0.01,57.77
2021-12-25,2460509.0,0.2162,0.2289,0.2161,0.2174,-0.01,55.18
2021-12-26,1828102.0,0.2173,0.2201,0.2101,0.219,-0.01,52.55
2021-12-27,1452229.0,0.219,0.2249,0.2157,0.2194,-0.0,73.19
2021-12-28,2438021.0,0.2192,0.2194,0.1987,0.1998,-0.01,44.67
2021-12-29,3652858.0,0.1997,0.2077,0.1958,0.1965,-0.01,44.22
2021-12-30,1959922.0,0.1965,0.2105,0.1942,0.2007,-0.01,44.69
2021-12-31,2368657.0,0.2006,0.2122,0.1959,0.1984,-0.01,49.26
2022-01-01,1304831.0,0.1981,0.2064,0.1981,0.2061,-0.01,54.65
2022-01-02,1096812.0,0.206,0.2077,0.203,0.2055,-0.01,53.58
2022-01-03,2485258.0,0.2042,0.2117,0.1963,0.1984,-0.01,45.9
2022-01-04,2206335.0,0.1985,0.2027,0.1942,0.1957,-0.01,38.4
2022-01-05,2800217.92,0.1957,0.1986,0.1801,0.1832,-0.01,32.82
2022-01-06,2390545.0,0.182,0.1881,0.177,0.1812,-0.01,25.67
2022-01-07,2296365.0,0.1812,0.1823,0.1707,0.1763,-0.01,21.54
2022-01-08,1355472.0,0.1761,0.1792,0.1702,0.1747,-0.01,19.72
2022-01-09,701294.0,0.175,0.1795,0.1728,0.1759,-0.01,19.26
2022-01-10,1593826.0,0.1755,0.1772,0.169,0.1739,-0.01,18.27
2022-01-11,2017281.0,0.174,0.1795,0.1734,0.1778,-0.01,30.36
2022-01-12,1829679.0,0.1778,0.1831,0.1765,0.1826,-0.01,37.91
2022-01-13,1621737.0,0.1821,0.1862,0.177,0.179,-0.01,30.93
2022-01-14,1153846.0,0.179,0.181,0.1747,0.1798,-0.01,33.21
2022-01-15,845633.0,0.1797,0.1826,0.1772,0.1806,-0.01,23.71
2022-01-16,1469634.0,0.18,0.186,0.1768,0.1804,-0.01,23.91
2022-01-17,2083903.0,0.18,0.1839,0.1726,0.1755,-0.01,25.05
2022-01-18,1326317.0,0.1754,0.1762,0.1702,0.1749,-0.01,26.26
2022-01-19,1639173.0,0.175,0.1759,0.1691,0.1712,-0.01,32.86
2022-01-20,886076.0,0.1702,0.1766,0.1666,0.1666,-0.01,30.59
2022-01-21,3321152.51,0.1666,0.1678,0.1471,0.1474,-0.01,22.16
2022-01-22,3293842.0,0.1485,0.1493,0.1359,0.1394,-0.01,19.73
2022-01-23,1373769.0,0.1399,0.1481,0.139,0.1477,-0.01,28.44
2022-01-24,2377256.0,0.1474,0.1474,0.1313,0.1426,-0.01,27.15
2022-01-25,15209981.54,0.1433,0.1433,0.1235,0.1273,-0.02,18.4
2022-01-26,13993582.0,0.1277,0.128,0.1139,0.115,-0.02,11.33
2022-01-27,4193323.0,0.1151,0.1195,0.1105,0.1146,-0.02,11.76
2022-01-28,1966783.0,0.1143,0.119,0.1122,0.1177,-0.02,14.1
2022-01-29,1194963.0,0.1177,0.1218,0.117,0.1205,-0.02,16.05
2022-01-30,1605926.0,0.1205,0.1252,0.116,0.1251,-0.02,20.24
2022-01-31,74524355.0,0.1252,0.1678,0.1237,0.1361,-0.02,30.1
2022-02-01,15397519.0,0.1365,0.151,0.133,0.1425,-0.02,34.54
2022-02-02,6874549.0,0.1426,0.154,0.1338,0.1348,-0.01,33.27
2022-02-03,3731048.0,0.1352,0.1406,0.1309,0.139,-0.01,37.27
2022-02-04,5942370.0,0.1392,0.1608,0.1364,0.1601,-0.01,55.76
2022-02-05,24678704.0,0.1606,0.1924,0.1519,0.1551,-0.01,57.32
2022-02-06,10964321.0,0.1551,0.1636,0.1505,0.154,-0.01,53.15
2022-02-07,3176702.0,0.154,0.1633,0.1517,0.1593,-0.01,58.33
2022-02-08,4939564.0,0.1596,0.1727,0.157,0.1638,-0.0,70.39
2022-02-09,3167490.0,0.1638,0.1729,0.1607,0.1678,-0.0,82.51
2022-02-10,2430548.0,0.1678,0.1729,0.1604,0.1649,-0.0,80.05
2022-02-11,1901891.0,0.1649,0.1683,0.1553,0.1566,-0.0,71.88
2022-02-12,3874631.0,0.157,0.1716,0.1559,0.1672,0.0,74.15
2022-02-13,1871829.0,0.1673,0.1692,0.1587,0.1611,0.0,68.33
2022-02-14,2702525.0,0.1606,0.17,0.1588,0.1626,0.0,64.94
2022-02-15,1638565.0,0.1624,0.1696,0.1609,0.1666,0.0,63.96
2022-02-16,2700786.0,0.1666,0.176,0.1628,0.1678,0.0,70.68
2022-02-17,1598557.0,0.1672,0.1687,0.1503,0.1536,0.0,58.13
2022-02-18,2278080.0,0.1543,0.1543,0.1432,0.1446,0.0,40.03
2022-02-19,665484.0,0.145,0.1463,0.1415,0.1444,-0.0,42.66
2022-02-20,12471042.0,0.1444,0.1552,0.1333,0.1362,-0.0,38.88
2022-02-21,2579234.0,0.1365,0.1401,0.1281,0.1283,-0.0,31.23
2022-02-22,868823.0,0.1288,0.1329,0.1267,0.1319,-0.0,30.48
2022-02-23,1066512.0,0.1319,0.1384,0.1295,0.1335,-0.01,28.37
2022-02-24,2356263.0,0.1339,0.1346,0.1192,0.1304,-0.01,28.3
2022-02-25,3853624.0,0.1305,0.1483,0.1303,0.1468,-0.01,44.41
2022-02-26,1295751.0,0.1468,0.1516,0.1458,0.1506,-0.0,39.73
2022-02-27,1679231.0,0.1503,0.1551,0.1438,0.1447,-0.0,39.83
2022-02-28,2942255.0,0.1444,0.1646,0.1432,0.1612,-0.0,49.27
2022-03-01,1611899.0,0.1619,0.1641,0.1552,0.1615,-0.0,47.23
2022-03-02,1036431.0,0.1613,0.1632,0.1583,0.1595,-0.0,45.52
2022-03-03,889251.0,0.1593,0.1613,0.1542,0.1559,0.0,51.4
2022-03-04,971474.0,0.1558,0.1572,0.1463,0.1472,-0.0,51.59
2022-03-05,1125306.0,0.1472,0.1496,0.1431,0.146,-0.0,50.97
2022-03-06,4100492.0,0.1461,0.154,0.1418,0.1441,-0.0,55.16
2022-03-07,1514646.0,0.1443,0.1486,0.1393,0.1422,-0.0,59.86
2022-03-08,1447733.0,0.1422,0.1496,0.1413,0.1485,-0.0,61.34
2022-03-09,2311442.0,0.1487,0.1663,0.1467,0.1627,0.0,67.02
2022-03-10,972254.0,0.1627,0.1639,0.1506,0.1518,0.0,61.43
2022-03-11,1240175.0,0.1515,0.1564,0.1478,0.1489,0.0,51.31
2022-03-12,857093.0,0.1485,0.1524,0.1478,0.1478,-0.0,48.19
2022-03-13,814810.0,0.1477,0.1505,0.144,0.1446,-0.0,49.93
2022-03-14,2595643.0,0.1443,0.1559,0.1423,0.1527,-0.0,43.59
2022-03-15,2887811.0,0.1532,0.1533,0.1447,0.1451,-0.0,38.86
2022-03-16,3679944.0,0.1454,0.1524,0.145,0.1519,-0.0,45.15
2022-03-17,662489.0,0.1517,0.1527,0.1504,0.1508,-0.0,46.64
2022-03-18,693126.0,0.1505,0.1521,0.149,0.1516,-0.0,53.24
2022-03-19,1433115.0,0.1515,0.1555,0.1509,0.155,0.0,56.41
2022-03-20,1096804.0,0.1549,0.1557,0.152,0.1522,0.0,55.7
2022-03-21,1490622.0,0.152,0.1532,0.1514,0.1524,0.0,57.35
2022-03-22,1094013.0,0.1524,0.1552,0.1521,0.1543,0.0,54.46
2022-03-23,2328416.0,0.1543,0.1559,0.1522,0.1546,0.0,42.07
2022-03-24,1446599.0,0.1546,0.1583,0.1535,0.1577,0.0,56.81
2022-03-25,1230588.0,0.1579,0.1604,0.1569,0.157,0.0,59.85
2022-03-26,902584.0,0.1572,0.1608,0.1568,0.1602,0.0,64.35
2022-03-27,2043872.0,0.1604,0.1657,0.1597,0.1655,0.0,73.07
2022-03-28,2306475.0,0.1655,0.1712,0.1655,0.1695,0.0,70.39
2022-03-29,1240363.0,0.1694,0.1708,0.167,0.1676,0.0,81.69
2022-03-30,11558147.0,0.1676,0.1792,0.1656,0.1668,0.0,75.25
2022-03-31,2978789.0,0.1666,0.1695,0.1575,0.1579,0.0,59.52
2022-04-01,2547212.0,0.158,0.1638,0.152,0.1628,0.0,63.53
2022-04-02,3733085.0,0.1629,0.1691,0.1617,0.1644,0.0,61.87
2022-04-03,1350770.0,0.1644,0.1691,0.1631,0.1674,0.0,69.1
2022-04-04,2215235.0,0.1674,0.1721,0.1605,0.1673,0.0,68.77
2022-04-05,2159157.0,0.1676,0.172,0.1656,0.1668,0.0,66.32
2022-04-06,2398088.0,0.1672,0.1672,0.1549,0.155,0.0,50.4
2022-04-07,1032832.0,0.1549,0.1574,0.1545,0.1561,0.0,48.33
2022-04-08,1001355.0,0.1564,0.1572,0.1516,0.1518,0.0,44.94
2022-04-09,328163.0,0.152,0.1527,0.1515,0.1527,0.0,42.36
2022-04-10,683594.0,0.1527,0.1536,0.1511,0.1515,0.0,34.44
2022-04-11,1576783.0,0.1515,0.1518,0.1406,0.1411,-0.0,22.37
2022-04-12,1673147.0,0.1409,0.1428,0.1377,0.1391,-0.0,22.33
2022-04-13,1602631.0,0.1394,0.1425,0.1366,0.1421,-0.0,27.0
2022-04-14,1462088.0,0.1421,0.1425,0.1362,0.1366,-0.0,28.83
2022-04-15,493420.0,0.1368,0.1388,0.1365,0.1375,-0.0,22.68
2022-04-16,699351.0,0.1377,0.1384,0.1366,0.1379,-0.01,20.62
2022-04-17,609276.0,0.138,0.1388,0.1363,0.1364,-0.01,14.45
2022-04-18,966421.0,0.1364,0.1372,0.1334,0.1372,-0.01,16.03
2022-04-19,1326427.0,0.137,0.1395,0.1363,0.1386,-0.01,18.81
2022-04-20,1200491.0,0.1386,0.14,0.1374,0.1377,-0.01,24.78
2022-04-21,2333400.0,0.1378,0.1415,0.1372,0.1372,-0.01,21.96
2022-04-22,851672.0,0.1372,0.138,0.1355,0.137,-0.01,25.0
2022-04-23,1040673.0,0.1372,0.1376,0.134,0.1341,-0.01,20.57
2022-04-24,448919.0,0.134,0.1345,0.1333,0.1333,-0.01,20.83
2022-04-25,1380457.0,0.1335,0.1337,0.1313,0.1335,-0.01,31.9
2022-04-26,2410401.0,0.1336,0.1358,0.1324,0.1328,-0.01,34.01
2022-04-27,957523.0,0.133,0.1356,0.1326,0.1349,-0.01,30.85
2022-04-28,1280599.0,0.1349,0.1362,0.1341,0.135,-0.01,44.03
2022-04-29,771810.0,0.1351,0.1351,0.1333,0.1337,-0.0,36.23
2022-04-30,784512.0,0.1336,0.1345,0.1319,0.132,-0.0,30.46
2022-05-01,1415558.0,0.132,0.1323,0.1286,0.1291,-0.0,27.88
2022-05-02,1037178.0,0.1292,0.1298,0.1277,0.1281,-0.01,22.75
2022-05-03,434258.0,0.1281,0.1287,0.1266,0.1266,-0.01,14.29
2022-05-04,1844017.0,0.1266,0.1295,0.1265,0.1295,-0.01,28.19
2022-05-05,3346842.0,0.1295,0.1295,0.1234,0.1235,-0.01,21.81
2022-05-06,880140.0,0.1237,0.1238,0.1214,0.1216,-0.01,20.38
2022-05-07,493317.0,0.1216,0.1217,0.1194,0.1203,-0.01,21.72
2022-05-08,2025522.0,0.12,0.12,0.1136,0.1142,-0.01,17.85
2022-05-09,2223402.0,0.1141,0.1146,0.1027,0.1029,-0.01,12.5
2022-05-10,7900232.0,0.1027,0.1051,0.1017,0.1022,-0.01,12.5
2022-05-11,9901481.2,0.1024,0.1035,0.0916,0.0924,-0.01,6.19
2022-05-12,6322659.0,0.0923,0.0941,0.0855,0.0863,-0.01,5.32
2022-05-13,9493908.0,0.0859,0.0893,0.0853,0.0872,-0.01,7.02
2022-05-14,2226516.0,0.0874,0.0883,0.0869,0.0879,-0.01,8.47
2022-05-15,4155142.0,0.0879,0.091,0.0868,0.0907,-0.01,13.77
2022-05-16,1931842.0,0.0907,0.0909,0.0887,0.0887,-0.01,13.52
2022-05-17,3712924.0,0.0888,0.0916,0.0888,0.0907,-0.01,17.06
2022-05-18,1560225.0,0.0909,0.0911,0.0885,0.0885,-0.01,11.9
2022-05-19,3523418.0,0.0885,0.0909,0.0884,0.0909,-0.01,17.53
2022-05-20,2807527.0,0.0907,0.0911,0.0883,0.0885,-0.01,17.36
2022-05-21,870950.0,0.0885,0.0894,0.088,0.0881,-0.01,17.67
2022-05-22,3431254.0,0.0881,0.0892,0.0874,0.0891,-0.01,21.92
2022-05-23,5391981.0,0.0889,0.0897,0.0869,0.087,-0.01,27.61
2022-05-24,2914247.0,0.087,0.0884,0.0868,0.088,-0.01,30.17
2022-05-25,3712500.0,0.088,0.0895,0.0878,0.0878,-0.01,41.22
2022-05-26,3760503.0,0.0879,0.089,0.0858,0.0866,-0.01,50.7
2022-05-27,1492003.0,0.0866,0.0875,0.086,0.086,-0.01,47.14
2022-05-28,1380992.0,0.086,0.0878,0.0859,0.0864,-0.01,46.38
2022-05-29,2758551.0,0.0862,0.0879,0.0855,0.087,-0.01,40.0
2022-05-30,6636967.0,0.0871,0.091,0.0863,0.0905,-0.01,54.5
2022-05-31,3863195.0,0.0905,0.0911,0.089,0.0892,-0.01,46.11
2022-06-01,4233918.0,0.0892,0.0904,0.0874,0.0874,-0.01,47.09
2022-06-02,3339483.0,0.0874,0.0877,0.0865,0.0874,-0.01,39.39
2022-06-03,819589.0,0.0873,0.0875,0.0858,0.0859,-0.01,41.67
2022-06-04,710454.0,0.0862,0.0865,0.0856,0.0863,-0.01,44.23
2022-06-05,6717242.0,0.0863,0.089,0.0856,0.088,-0.01,46.63
2022-06-06,6012651.0,0.088,0.094,0.088,0.0925,-0.0,64.71
2022-06-07,5046990.0,0.0927,0.0927,0.0879,0.0905,-0.0,56.35
2022-06-08,1741649.0,0.0904,0.091,0.0895,0.0897,-0.0,54.68
2022-06-09,953751.0,0.0897,0.0903,0.0892,0.0895,-0.0,57.51
2022-06-10,2500077.0,0.0894,0.09,0.0872,0.0874,-0.0,53.37
2022-06-11,2359450.0,0.0874,0.0879,0.0843,0.0843,-0.0,45.53
2022-06-12,4508963.0,0.0844,0.0844,0.0788,0.0788,-0.0,35.56
2022-06-13,9403544.0,0.0788,0.0789,0.0653,0.0654,-0.01,17.23
2022-06-14,8466871.0,0.0654,0.0669,0.061,0.0643,-0.01,17.32
2022-06-15,7994681.0,0.0643,0.0648,0.059,0.0642,-0.01,18.13
2022-06-16,5661129.0,0.0642,0.065,0.058,0.0581,-0.01,15.53
2022-06-17,3435636.0,0.0582,0.0597,0.058,0.0586,-0.01,17.11
2022-06-18,10084917.0,0.0584,0.0588,0.0497,0.0528,-0.01,14.29
2022-06-19,6575621.0,0.0529,0.0555,0.051,0.0547,-0.01,14.65
2022-06-20,4476527.0,0.0548,0.0548,0.0529,0.0542,-0.01,5.57
2022-06-21,4409807.0,0.0539,0.056,0.0533,0.0544,-0.01,6.3
2022-06-22,4114065.0,0.0544,0.0546,0.0522,0.0522,-0.01,6.09
2022-06-23,3904034.0,0.0522,0.0544,0.0522,0.0543,-0.01,10.54
2022-06-24,2682209.0,0.0541,0.0552,0.0538,0.0548,-0.01,12.09
2022-06-25,4074569.0,0.0547,0.0559,0.0543,0.0554,-0.01,14.32
2022-06-26,3810960.0,0.0553,0.0563,0.0542,0.0542,-0.01,16.02
2022-06-27,2516273.0,0.0542,0.055,0.0531,0.0531,-0.01,24.27
2022-06-28,2291617.0,0.0532,0.0542,0.0524,0.0526,-0.01,24.89
2022-06-29,1866276.0,0.0525,0.0527,0.0512,0.0517,-0.01,24.07
2022-06-30,5010823.0,0.0518,0.0519,0.0491,0.0504,-0.01,30.05
2022-07-01,6309516.0,0.0504,0.0515,0.0491,0.0494,-0.01,26.77
2022-07-02,1234290.0,0.0494,0.05,0.0492,0.0495,-0.01,38.3
2022-07-03,1605101.0,0.0495,0.0496,0.0486,0.0487,-0.01,26.92
2022-07-04,2926174.0,0.0487,0.0503,0.0485,0.0503,-0.01,36.17
2022-07-05,3320496.0,0.0503,0.051,0.0494,0.0507,-0.01,37.06
2022-07-06,1856893.0,0.0507,0.0511,0.0499,0.0511,-0.01,45.6
2022-07-07,3126599.0,0.051,0.0537,0.0507,0.0537,-0.01,47.69
2022-07-08,5166174.0,0.0537,0.0546,0.0532,0.0533,-0.01,44.19
2022-07-09,2178221.0,0.0533,0.0537,0.053,0.0531,-0.0,40.8
2022-07-10,1716325.0,0.0531,0.0532,0.0514,0.0518,-0.0,40.48
2022-07-11,1135840.0,0.0517,0.0518,0.0498,0.0501,-0.0,38.64
2022-07-12,1401026.0,0.0499,0.0499,0.0482,0.0483,-0.0,35.17
2022-07-13,7750568.0,0.0484,0.0503,0.0475,0.0503,-0.0,45.51
2022-07-14,9152029.0,0.0503,0.0525,0.0495,0.0519,-0.0,54.72
2022-07-15,5722447.0,0.0519,0.0532,0.0516,0.0531,-0.0,61.49
2022-07-16,4207007.0,0.053,0.0542,0.0519,0.0537,-0.0,62.65
2022-07-17,5433732.0,0.0537,0.0551,0.0536,0.054,-0.0,66.46
2022-07-18,690009386.0,0.0542,0.1599,0.0535,0.0993,0.0,90.97
2022-07-19,186812953.0,0.0995,0.1155,0.0831,0.0861,0.0,74.38
2022-07-20,41868996.0,0.0861,0.0864,0.075,0.078,0.0,66.75
2022-07-21,72585548.0,0.0779,0.0978,0.075,0.0778,0.0,65.47
2022-07-22,24337564.0,0.0777,0.081,0.0731,0.0736,0.0,62.42
2022-07-23,18863842.0,0.0736,0.0777,0.0705,0.0724,0.0,61.67
2022-07-24,18986113.0,0.0725,0.0795,0.0717,0.0722,0.0,62.5
2022-07-25,18800272.0,0.0724,0.0729,0.0635,0.0642,0.0,58.02
2022-07-26,10106233.0,0.064,0.066,0.0613,0.0653,0.0,59.75
2022-07-27,343261193.0,0.0651,0.1112,0.0643,0.0689,0.0,60.47
2022-07-28,42782983.0,0.0689,0.0752,0.0678,0.0701,0.0,60.29
2022-07-29,25564632.0,0.0701,0.0783,0.0685,0.0692,0.0,59.14
2022-07-30,22302976.0,0.0692,0.0729,0.0665,0.0671,0.0,57.48
2022-07-31,10290642.0,0.0672,0.0714,0.067,0.0678,0.0,57.67
2022-08-01,56924754.0,0.0678,0.0879,0.0675,0.0705,0.0,19.62
2022-08-02,48980362.0,0.0705,0.0775,0.0661,0.0745,0.0,34.82
2022-08-03,136300439.0,0.0745,0.0957,0.0743,0.0773,0.0,48.94
2022-08-04,14253504.0,0.0773,0.0779,0.0729,0.0733,0.0,43.87
2022-08-05,12675001.0,0.0734,0.0761,0.073,0.0745,0.0,51.34
2022-08-06,4394136.0,0.0745,0.0753,0.0743,0.0744,0.0,53.07
2022-08-07,109798267.0,0.0744,0.0924,0.0743,0.0794,0.0,59.63
2022-08-08,47910701.0,0.0795,0.0835,0.0786,0.0826,0.0,78.22
2022-08-09,78407921.0,0.0826,0.094,0.0803,0.0811,0.0,73.94
2022-08-10,12385486.0,0.081,0.0829,0.0789,0.0827,0.0,72.26
2022-08-11,15388212.0,0.0828,0.087,0.0818,0.0819,0.0,69.28
2022-08-12,10542963.0,0.082,0.0844,0.081,0.0827,0.0,72.13
2022-08-13,4940996.0,0.0827,0.0838,0.0823,0.0823,0.0,76.39
2022-08-14,4703691.0,0.0824,0.0832,0.0804,0.0809,0.0,72.2
2022-08-15,5052360.0,0.0807,0.0828,0.0783,0.0788,0.0,64.36
2022-08-16,3783436.0,0.0787,0.0791,0.0778,0.0784,0.0,57.71
2022-08-17,46660911.0,0.0783,0.087,0.0771,0.0778,0.0,51.08
2022-08-18,16773752.0,0.0778,0.0818,0.0753,0.0761,0.0,56.73
2022-08-19,9692474.0,0.0761,0.0762,0.0657,0.0657,0.0,35.33
2022-08-20,12427672.0,0.0657,0.0693,0.0657,0.0668,0.0,37.74
2022-08-21,4380270.0,0.0668,0.0678,0.0664,0.0675,0.0,27.72
2022-08-22,30107686.0,0.0675,0.0759,0.0646,0.0655,-0.0,16.47
2022-08-23,6846758.0,0.0655,0.0675,0.0646,0.0673,-0.0,23.26
2022-08-24,7663474.0,0.0674,0.068,0.0659,0.0669,-0.0,17.89
2022-08-25,11672487.0,0.0669,0.0698,0.0668,0.0676,-0.0,20.82
2022-08-26,27273991.0,0.0675,0.0716,0.0623,0.0626,-0.0,14.98
2022-08-27,6009174.0,0.0627,0.0627,0.0605,0.0608,-0.0,14.29
2022-08-28,5925751.0,0.0607,0.0615,0.0595,0.0604,-0.0,14.78
2022-08-29,6727471.0,0.0605,0.0619,0.0591,0.0617,-0.0,19.79
2022-08-30,64143270.0,0.0617,0.0757,0.0614,0.0617,-0.0,20.07
2022-08-31,19220449.0,0.0618,0.0648,0.0618,0.0622,-0.0,21.94
2022-09-01,15054958.0,0.0621,0.0638,0.0598,0.0612,-0.0,22.51
2022-09-02,6575049.0,0.0613,0.0633,0.061,0.0619,-0.0,39.08
2022-09-03,3346545.0,0.062,0.0622,0.0605,0.0608,-0.0,32.76
2022-09-04,9543625.0,0.0608,0.064,0.0605,0.0625,-0.0,36.41
2022-09-05,4529398.0,0.0627,0.0629,0.0616,0.0625,-0.0,40.85
2022-09-06,12299641.0,0.0624,0.0655,0.0602,0.0605,-0.0,29.52
2022-09-07,5700532.0,0.0604,0.0611,0.059,0.0605,-0.0,30.25
2022-09-08,12515992.0,0.0607,0.0628,0.0601,0.0618,-0.0,32.74
2022-09-09,9680775.0,0.0617,0.0645,0.0616,0.064,-0.0,55.0
2022-09-10,11049476.0,0.064,0.0671,0.0639,0.067,-0.0,70.39
2022-09-11,7358686.0,0.067,0.0674,0.0651,0.0662,-0.0,68.59
2022-09-12,8104777.0,0.0663,0.0674,0.0654,0.0654,-0.0,62.25
2022-09-13,9146341.0,0.0656,0.0657,0.0589,0.059,-0.0,43.72
2022-09-14,11454660.0,0.0591,0.0617,0.0588,0.0601,-0.0,45.25
2022-09-15,4173109.0,0.06,0.0604,0.0584,0.0585,-0.0,44.05
2022-09-16,2770324.0,0.0586,0.0587,0.0567,0.0575,-0.0,40.43
2022-09-17,3396230.0,0.0575,0.0598,0.0575,0.0594,-0.0,47.06
2022-09-18,4279735.0,0.0594,0.0597,0.0564,0.0565,-0.0,38.0
2022-09-19,4007363.0,0.0564,0.0565,0.0538,0.0563,-0.0,37.7
2022-09-20,3114952.0,0.0563,0.0568,0.0553,0.0554,-0.0,39.42
2022-09-21,13821421.0,0.0555,0.0588,0.0546,0.055,-0.0,38.78
2022-09-22,16349674.0,0.0549,0.0606,0.0546,0.0589,-0.0,44.65
2022-09-23,7953243.0,0.059,0.059,0.0555,0.0569,-0.0,36.8
2022-09-24,4140222.0,0.0569,0.0569,0.055,0.0553,-0.0,27.06
2022-09-25,2067028.0,0.0554,0.0557,0.0548,0.055,-0.0,27.6
2022-09-26,8683895.0,0.055,0.058,0.0548,0.0562,-0.0,31.89
2022-09-27,6794920.0,0.0562,0.0596,0.0558,0.0569,-0.0,44.67
2022-09-28,2882448.0,0.057,0.0578,0.0558,0.0574,-0.0,42.93
2022-09-29,6420875.0,0.0575,0.0577,0.0558,0.0574,-0.0,46.86
2022-09-30,22918782.0,0.0575,0.0613,0.0573,0.0576,-0.0,50.3
2022-10-01,1259095.0,0.0577,0.058,0.0573,0.0574,-0.0,43.33
2022-10-02,1908420.0,0.0575,0.0577,0.056,0.0562,-0.0,48.87
2022-10-03,2954156.0,0.0561,0.0579,0.0561,0.0578,-0.0,55.1
2022-10-04,4301559.0,0.0577,0.0593,0.0574,0.0592,-0.0,62.5
2022-10-05,2114830.0,0.0592,0.0592,0.058,0.0585,-0.0,61.29
2022-10-06,10778713.0,0.0584,0.0627,0.0584,0.0588,-0.0,49.58
2022-10-07,3800804.0,0.0588,0.0589,0.0567,0.0569,-0.0,50.0
2022-10-08,1462745.0,0.0569,0.0571,0.0564,0.057,-0.0,58.25
2022-10-09,12519166.0,0.0568,0.0607,0.0564,0.057,-0.0,60.0
2022-10-10,7577932.0,0.057,0.0588,0.0564,0.0565,-0.0,51.61
2022-10-11,3398049.0,0.0564,0.0564,0.0548,0.0548,-0.0,39.81
2022-10-12,2282840.0,0.0549,0.055,0.054,0.0544,-0.0,35.29
2022-10-13,6925791.0,0.0546,0.0546,0.0509,0.053,-0.0,31.03
2022-10-14,2924670.0,0.053,0.0542,0.0523,0.0525,-0.0,28.57
2022-10-15,5274209.0,0.0525,0.0538,0.052,0.0529,-0.0,31.4
2022-10-16,215008684.0,0.0529,0.094,0.0528,0.0565,-0.0,51.03
2022-10-17,30943222.0,0.0565,0.0568,0.0492,0.0537,-0.0,36.94
2022-10-18,11965547.0,0.0537,0.0541,0.0511,0.0515,-0.0,26.67
2022-10-19,25884571.0,0.0516,0.0566,0.0502,0.0535,-0.0,35.96
2022-10-20,9270454.0,0.0537,0.0548,0.0509,0.0512,-0.0,30.81
2022-10-21,3082324.0,0.051,0.0521,0.0508,0.052,-0.0,36.9
2022-10-22,6533720.0,0.0518,0.0542,0.0517,0.0528,-0.0,39.18
2022-10-23,4585448.0,0.0528,0.053,0.0512,0.0525,-0.0,38.58
2022-10-24,2505677.0,0.0527,0.0527,0.0518,0.052,-0.0,38.58
2022-10-25,6091373.0,0.0519,0.0542,0.0515,0.0536,-0.0,46.94
2022-10-26,2552678.0,0.0536,0.0544,0.0532,0.0539,-0.0,48.72
2022-10-27,12168517.0,0.0538,0.0573,0.0535,0.054,-0.0,52.75
2022-10-28,4798993.0,0.054,0.0541,0.0521,0.0538,-0.0,53.63
2022-10-29,7102396.0,0.0538,0.0561,0.0537,0.0543,-0.0,53.89
2022-10-30,4915090.0,0.0543,0.0553,0.054,0.0546,-0.0,43.54
2022-10-31,3008554.0,0.0548,0.0555,0.0538,0.0542,-0.0,52.03
2022-11-01,11722868.0,0.0542,0.0562,0.0537,0.0542,-0.0,63.37
2022-11-02,6045087.0,0.0542,0.0543,0.0524,0.0526,-0.0,45.36
2022-11-03,7736328.0,0.0525,0.0545,0.0525,0.0537,-0.0,64.71
2022-11-04,14774596.0,0.0537,0.0572,0.0537,0.057,-0.0,72.73
2022-11-05,4745618.0,0.0571,0.0578,0.0561,0.0563,-0.0,66.06
2022-11-06,4017319.0,0.0562,0.0564,0.0543,0.0544,-0.0,57.6
2022-11-07,3913155.0,0.0543,0.0549,0.0532,0.0536,-0.0,56.25
2022-11-08,12323041.0,0.0535,0.0535,0.0437,0.0449,-0.0,28.14
2022-11-09,7894343.0,0.045,0.045,0.0358,0.0361,-0.0,18.66
2022-11-10,7608172.0,0.036,0.0417,0.036,0.041,-0.0,30.42
2022-11-11,4092694.0,0.041,0.041,0.0382,0.0388,-0.0,28.69
2022-11-12,2617324.0,0.0389,0.0393,0.0383,0.0388,-0.0,27.67
2022-11-13,4061461.0,0.0389,0.0392,0.0381,0.0384,-0.0,26.72
2022-11-14,5403981.0,0.0384,0.0387,0.037,0.0378,-0.0,26.57
2022-11-15,4548374.0,0.038,0.0399,0.0378,0.0389,-0.0,28.81
2022-11-16,2435741.0,0.039,0.0393,0.0378,0.0384,-0.0,29.71
2022-11-17,10269467.0,0.0384,0.0418,0.0376,0.0395,-0.0,29.71
2022-11-18,51940562.0,0.0395,0.0498,0.0382,0.0388,-0.0,21.91
2022-11-19,4815770.0,0.0387,0.0388,0.0375,0.0381,-0.0,21.91
2022-11-20,13781983.0,0.038,0.0405,0.0375,0.0377,-0.0,22.98
2022-11-21,6151147.0,0.0378,0.038,0.0363,0.0369,-0.0,22.98
2022-11-22,3629860.0,0.0367,0.038,0.036,0.0378,-0.0,34.63
2022-11-23,21900077.0,0.0377,0.0436,0.0377,0.039,-0.0,59.35
2022-11-24,5109633.0,0.0391,0.0395,0.0387,0.0391,-0.0,41.12
2022-11-25,3681179.0,0.039,0.0394,0.0379,0.0391,-0.0,51.76
2022-11-26,17959717.0,0.0392,0.0431,0.0388,0.0394,-0.0,53.41
2022-11-27,9291926.0,0.0394,0.042,0.0393,0.0398,-0.0,57.95
2022-11-28,400382243.0,0.0398,0.21,0.0389,0.0756,0.0,92.95
2022-11-29,134280061.0,0.0756,0.0849,0.0616,0.0644,0.0,73.57
2022-11-30,55717243.0,0.0644,0.0672,0.0555,0.057,0.0,65.25
2022-12-01,56987664.0,0.057,0.0636,0.0536,0.0573,0.0,64.78
2022-12-02,35111005.0,0.0575,0.06,0.0531,0.0564,0.0,64.57
2022-12-03,15535932.0,0.0564,0.0573,0.0542,0.0545,0.0,63.31
2022-12-04,37087477.0,0.0545,0.0619,0.0541,0.0559,0.0,64.54
2022-12-05,18980819.0,0.0559,0.0585,0.0543,0.0549,0.0,64.33
2022-12-06,10228738.0,0.0548,0.0568,0.0545,0.0557,0.0,64.27
2022-12-07,19315075.0,0.0557,0.0588,0.0516,0.0526,0.0,60.53
2022-12-08,102485643.0,0.0527,0.0697,0.0522,0.0615,0.0,65.26
2022-12-09,44798186.0,0.0616,0.0645,0.0559,0.0567,0.0,61.25
2022-12-10,12407985.0,0.0567,0.0569,0.0537,0.0541,0.0,59.13
2022-12-11,8071034.0,0.0541,0.0542,0.0527,0.0529,0.0,58.06
2022-12-12,9122434.0,0.0527,0.053,0.0498,0.0517,0.0,24.41
2022-12-13,6715865.0,0.0516,0.052,0.0494,0.0509,0.0,31.4
2022-12-14,31641666.0,0.051,0.0561,0.0506,0.0541,0.0,45.48
2022-12-15,8197151.0,0.054,0.0545,0.05,0.05,0.0,39.83
2022-12-16,13099776.0,0.05,0.0526,0.0453,0.0453,0.0,36.02
2022-12-17,8404398.0,0.0454,0.0469,0.0435,0.0462,0.0,39.28
2022-12-18,30441545.0,0.0462,0.0512,0.046,0.0475,-0.0,39.12
2022-12-19,10138382.0,0.0475,0.0486,0.042,0.043,-0.0,35.87
2022-12-20,3877181.0,0.0429,0.045,0.0426,0.0447,-0.0,37.21
2022-12-21,5026074.0,0.0448,0.0457,0.0432,0.0433,-0.0,38.74
2022-12-22,4430711.0,0.0433,0.0442,0.0418,0.0428,-0.0,21.58
2022-12-23,3271130.0,0.0429,0.0433,0.0421,0.0422,-0.0,24.74
2022-12-24,17160244.0,0.0421,0.0477,0.0421,0.0439,-0.0,31.65
2022-12-25,3486474.0,0.044,0.0447,0.0432,0.0435,-0.0,32.59
2022-12-26,17572233.0,0.0435,0.0468,0.0413,0.0441,-0.0,35.61
2022-12-27,14751770.0,0.044,0.0458,0.043,0.044,-0.0,36.58
2022-12-28,5451605.0,0.0438,0.044,0.041,0.0412,-0.0,24.51
2022-12-29,5745775.0,0.0414,0.0425,0.041,0.0416,-0.0,30.56
2022-12-30,2488957.0,0.0416,0.0417,0.0404,0.0413,-0.0,38.37
2022-12-31,1956242.0,0.0411,0.042,0.041,0.0412,-0.0,34.76
2023-01-01,1330710.0,0.0413,0.0414,0.0406,0.0411,-0.0,28.95
2023-01-02,4965901.0,0.0412,0.0422,0.0409,0.0417,-0.0,44.25
2023-01-03,12610968.0,0.0417,0.0436,0.0411,0.0424,-0.0,38.83
2023-01-04,6654687.0,0.0425,0.0434,0.0418,0.0424,-0.0,44.94
2023-01-05,3951594.0,0.0424,0.0429,0.0418,0.0426,-0.0,48.84
2023-01-06,4143485.0,0.0426,0.0432,0.0416,0.0432,-0.0,55.81
2023-01-07,3282477.0,0.0431,0.0432,0.0424,0.0431,-0.0,44.29
2023-01-08,35889420.0,0.0431,0.0481,0.0426,0.0457,-0.0,61.96
2023-01-09,13434429.0,0.0456,0.0475,0.0442,0.0454,-0.0,57.3
2023-01-10,46133025.0,0.0455,0.0558,0.0449,0.0477,-0.0,66.67
2023-01-11,10032903.0,0.0477,0.0485,0.0462,0.0474,-0.0,86.05
2023-01-12,16945786.0,0.0474,0.0505,0.0464,0.048,0.0,86.36
2023-01-13,8166829.0,0.0482,0.0495,0.0474,0.0488,0.0,90.32
2023-01-14,14372241.0,0.0487,0.0523,0.0486,0.0516,0.0,93.33
2023-01-15,8423326.0,0.0518,0.0521,0.049,0.0515,0.0,93.33
2023-01-16,45345008.0,0.0513,0.0614,0.0512,0.0565,0.0,95.12
2023-01-17,11501807.0,0.0565,0.0565,0.0532,0.0543,0.0,83.24
2023-01-18,13264440.0,0.0545,0.0549,0.0468,0.0479,0.0,61.32
2023-01-19,8418015.0,0.0478,0.051,0.0478,0.0498,0.0,63.85
2023-01-20,6667827.0,0.0499,0.0531,0.049,0.0529,0.0,67.02
2023-01-21,6607387.0,0.0529,0.0549,0.0522,0.0523,0.0,65.86
2023-01-22,10019802.0,0.0523,0.0558,0.0518,0.0542,0.0,65.02
2023-01-23,14570804.0,0.0542,0.0585,0.054,0.0563,0.0,68.11
2023-01-24,42306874.0,0.0561,0.0643,0.0545,0.0563,0.0,65.47
2023-01-25,64538609.0,0.0564,0.0664,0.0554,0.059,0.0,69.21
2023-01-26,32495162.0,0.0588,0.0642,0.0573,0.0624,0.0,71.82
2023-01-27,31274179.0,0.0626,0.0677,0.0597,0.0624,0.0,71.12
2023-01-28,15124471.0,0.0625,0.0629,0.0581,0.0587,0.0,60.73
2023-01-29,7867191.0,0.0587,0.0609,0.0584,0.0599,0.0,62.28
2023-01-30,9692176.0,0.0599,0.0606,0.0546,0.0557,0.0,48.8
2023-01-31,17761226.0,0.0558,0.062,0.0555,0.0588,0.0,56.56
2023-02-01,10116997.0,0.0588,0.0602,0.0573,0.0598,0.0,70.59
2023-02-02,12630604.0,0.0597,0.0623,0.0592,0.0595,0.0,67.77
2023-02-03,8996629.0,0.0595,0.0614,0.0591,0.0606,0.0,65.22
2023-02-04,9216224.0,0.0607,0.0621,0.0593,0.0613,0.0,67.72
2023-02-05,22134511.0,0.0613,0.0637,0.0594,0.0619,0.0,65.98
2023-02-06,21692554.0,0.0617,0.066,0.0617,0.0628,0.0,64.19
2023-02-07,25093934.0,0.063,0.069,0.0629,0.0678,0.0,70.61
2023-02-08,16627071.0,0.068,0.0697,0.0619,0.0636,0.0,57.82
2023-02-09,9951609.0,0.0638,0.064,0.0557,0.0563,0.0,40.84
2023-02-10,5539259.0,0.0562,0.0578,0.0554,0.0575,0.0,42.9
2023-02-11,2637520.0,0.0573,0.0582,0.0569,0.0579,0.0,48.72
2023-02-12,3595037.0,0.0579,0.0601,0.0572,0.0576,0.0,46.2
2023-02-13,6889335.0,0.0576,0.0579,0.0532,0.0548,0.0,48.44
2023-02-14,5571502.0,0.0547,0.0584,0.0542,0.0578,0.0,48.26
2023-02-15,47950416.0,0.0578,0.0686,0.0572,0.0631,0.0,54.98
2023-02-16,28084266.0,0.0631,0.07,0.0604,0.0605,0.0,51.41
2023-02-17,24642254.0,0.0605,0.0679,0.0603,0.0657,0.0,56.46
2023-02-18,5172990.0,0.0657,0.066,0.0642,0.0652,0.0,54.96
2023-02-19,21565412.0,0.0652,0.0695,0.0642,0.0666,0.0,55.86
2023-02-20,185239749.0,0.0665,0.106,0.0663,0.0733,0.0,61.44
2023-02-21,508583041.0,0.0734,0.1479,0.0722,0.1171,0.01,79.1
2023-02-22,413004527.0,0.1169,0.182,0.1117,0.1506,0.01,88.16
2023-02-23,186598767.0,0.1507,0.1874,0.1402,0.1541,0.02,94.37
2023-02-24,67049543.0,0.1541,0.1549,0.119,0.1221,0.02,72.91
2023-02-25,58963250.0,0.122,0.135,0.1141,0.1318,0.02,74.58
2023-02-26,98460886.0,0.1318,0.1545,0.1302,0.1325,0.02,74.85
2023-02-27,161355853.0,0.1325,0.1762,0.1289,0.1561,0.02,79.53
2023-02-28,92686871.0,0.1561,0.17,0.141,0.1514,0.02,77.02
2023-03-01,241869458.0,0.1512,0.2178,0.1493,0.1848,0.03,80.23
2023-03-02,83630827.0,0.1849,0.1957,0.1636,0.1849,0.03,81.29
2023-03-03,162546117.0,0.185,0.222,0.1635,0.1772,0.03,77.69
2023-03-04,73004242.0,0.1773,0.1919,0.1457,0.1468,0.03,67.65
2023-03-05,74017749.0,0.1467,0.177,0.1467,0.1728,0.03,70.76
2023-03-06,47926706.0,0.1728,0.1736,0.1471,0.1516,0.03,64.48
2023-03-07,57125469.0,0.1517,0.1634,0.13,0.1348,0.02,53.64
2023-03-08,48810672.0,0.1347,0.1366,0.1139,0.1141,0.02,42.08
2023-03-09,85324185.0,0.1143,0.1387,0.1111,0.1211,0.02,42.95
2023-03-10,96693788.0,0.1209,0.1214,0.0936,0.1076,0.01,46.64
2023-03-11,71604207.0,0.1075,0.1163,0.0869,0.0957,0.01,41.71
2023-03-12,77864484.0,0.0958,0.117,0.0901,0.1147,0.01,46.23
2023-03-13,138728770.0,0.1148,0.1346,0.107,0.1314,0.01,44.61
2023-03-14,287237530.0,0.1319,0.188,0.1265,0.167,0.01,53.0
2023-03-15,145458746.0,0.1669,0.188,0.1372,0.1515,0.01,43.12
2023-03-16,62540668.0,0.1517,0.1565,0.139,0.1563,0.01,44.21
2023-03-17,193064111.0,0.1563,0.1997,0.1558,0.1891,0.01,52.19
2023-03-18,90262821.0,0.1886,0.2107,0.1692,0.1708,0.01,54.62
2023-03-19,54002608.0,0.1709,0.1891,0.164,0.1833,0.02,52.13
2023-03-20,84520965.0,0.1833,0.189,0.1518,0.1665,0.02,53.08
2023-03-21,52616629.0,0.1667,0.182,0.163,0.1682,0.02,57.36
2023-03-22,40848954.0,0.1681,0.1705,0.1486,0.1532,0.01,58.84
2023-03-23,41603488.0,0.153,0.1579,0.1445,0.149,0.01,56.39
2023-03-24,32005221.0,0.149,0.1514,0.1302,0.132,0.01,55.5
2023-03-25,23930997.0,0.1319,0.137,0.1247,0.1258,0.01,56.96
2023-03-26,130535312.0,0.1259,0.1637,0.1258,0.1527,0.01,58.48
2023-03-27,56248745.0,0.1528,0.1537,0.1301,0.1366,0.0,51.16
2023-03-28,76927770.0,0.1367,0.1577,0.1331,0.1512,0.0,46.1
2023-03-29,43440327.0,0.1511,0.1584,0.1475,0.1521,0.0,50.16
2023-03-30,42003570.0,0.1521,0.1619,0.14,0.1433,0.0,46.61
2023-03-31,19138101.0,0.1434,0.147,0.1394,0.144,0.0,35.88
2023-04-01,13333930.0,0.1442,0.1482,0.1396,0.1411,0.0,39.71
2023-04-02,16684264.0,0.1412,0.1473,0.1345,0.1356,0.0,32.63
2023-04-03,25245389.0,0.1356,0.1453,0.131,0.1342,0.0,36.75
2023-04-04,14512993.0,0.1343,0.1389,0.1324,0.1381,0.0,37.87
2023-04-05,16412882.0,0.1381,0.1428,0.1346,0.1366,-0.0,42.5
2023-04-06,14500041.0,0.1367,0.137,0.128,0.1314,-0.0,42.11
2023-04-07,11871518.0,0.1314,0.1342,0.1254,0.1271,-0.0,47.52
2023-04-08,23491769.0,0.127,0.132,0.1197,0.1219,-0.0,48.01
2023-04-09,29792365.0,0.1218,0.1297,0.1168,0.1283,-0.0,34.24
2023-04-10,28858072.0,0.1284,0.1322,0.1187,0.129,-0.0,43.87
2023-04-11,143970741.0,0.129,0.1585,0.1276,0.1501,-0.0,49.2
2023-04-12,51950080.0,0.15,0.1535,0.1326,0.1345,-0.0,39.42
2023-04-13,28630460.0,0.1345,0.1413,0.1319,0.1373,-0.0,46.11
2023-04-14,31517613.0,0.1373,0.143,0.1318,0.1355,-0.0,44.57
2023-04-15,19535320.0,0.1355,0.1371,0.1312,0.1339,-0.0,45.32
2023-04-16,15904544.0,0.1339,0.1347,0.1293,0.1331,-0.0,48.27
2023-04-17,15247508.0,0.1331,0.1333,0.1249,0.1282,-0.0,46.04
2023-04-18,20284522.0,0.1282,0.1369,0.1271,0.1316,-0.0,45.68
2023-04-19,26309050.0,0.1317,0.1385,0.1214,0.1224,-0.0,41.45
2023-04-20,15360289.0,0.1223,0.1253,0.1144,0.1174,-0.0,41.55
2023-04-21,12574985.0,0.1175,0.1196,0.1058,0.1085,-0.01,39.36
2023-04-22,85421627.0,0.1083,0.1376,0.1065,0.1229,-0.01,50.52
2023-04-23,32996905.0,0.123,0.1259,0.1115,0.1128,-0.01,42.27
2023-04-24,48659168.0,0.1128,0.1272,0.1104,0.1184,-0.01,44.96
2023-04-25,19222881.0,0.1185,0.125,0.1133,0.1228,-0.01,34.58
2023-04-26,79168882.0,0.1229,0.1394,0.1206,0.1298,-0.0,47.06
2023-04-27,85149362.0,0.1298,0.144,0.1298,0.132,-0.0,46.66
2023-04-28,26246667.0,0.1319,0.1327,0.1235,0.1252,-0.0,43.89
2023-04-29,12857359.0,0.1252,0.1304,0.1237,0.1258,-0.0,45.14
2023-04-30,14151361.0,0.1257,0.13,0.1234,0.1242,-0.0,44.71
2023-05-01,19543093.0,0.1241,0.1249,0.1133,0.1165,-0.0,43.27
2023-05-02,67846751.0,0.1163,0.1366,0.114,0.127,-0.0,47.55
2023-05-03,259687888.0,0.1271,0.1797,0.1252,0.1374,-0.0,57.88
2023-05-04,86846088.0,0.1374,0.16,0.1332,0.1339,-0.0,58.8
2023-05-05,50181235.0,0.1339,0.142,0.1251,0.1295,-0.0,61.77
2023-05-06,35573575.0,0.1294,0.1341,0.1184,0.1223,-0.0,49.63
2023-05-07,123166722.0,0.1224,0.1542,0.118,0.1491,0.0,68.39
2023-05-08,284490391.0,0.1493,0.1768,0.1381,0.1415,0.0,61.47
2023-05-09,96258327.0,0.1417,0.1493,0.1287,0.1379,0.0,57.56
2023-05-10,98807378.0,0.1378,0.159,0.1334,0.1414,0.0,56.02
2023-05-11,36506513.0,0.1415,0.1416,0.1256,0.1333,0.0,50.64
2023-05-12,50381089.0,0.1333,0.1384,0.1192,0.1352,0.0,55.13
2023-05-13,23782271.0,0.1349,0.1368,0.1276,0.1285,0.0,51.3
2023-05-14,62753028.0,0.1285,0.1478,0.1258,0.144,0.0,58.43
2023-05-15,36680441.0,0.144,0.1445,0.1333,0.1381,0.0,59.34
2023-05-16,26115035.0,0.1381,0.1394,0.131,0.1323,0.0,52.39
2023-05-17,27371543.0,0.1323,0.1362,0.1259,0.1348,0.0,48.74
2023-05-18,18536569.0,0.1349,0.139,0.1293,0.1318,0.0,48.98
2023-05-19,15492691.0,0.1318,0.1333,0.1271,0.1314,0.0,50.96
2023-05-20,34525494.0,0.1317,0.1387,0.1301,0.1351,0.0,56.74
2023-05-21,14225747.0,0.1351,0.1373,0.1297,0.1309,0.0,37.43
2023-05-22,16856355.0,0.131,0.1349,0.1275,0.1315,0.0,42.35
2023-05-23,14976034.0,0.1314,0.1358,0.1308,0.1349,0.0,47.7
2023-05-24,20857459.0,0.1347,0.1349,0.1234,0.1261,-0.0,39.15
2023-05-25,18203760.0,0.1259,0.1268,0.1202,0.1219,-0.0,41.44
2023-05-26,15660231.0,0.1218,0.126,0.1188,0.1215,-0.0,39.48
2023-05-27,5629888.0,0.1214,0.1228,0.1203,0.1224,-0.0,44.86
2023-05-28,15493805.0,0.1224,0.13,0.1214,0.127,-0.0,32.44
2023-05-29,18641541.0,0.127,0.1309,0.1225,0.1233,-0.0,33.98
2023-05-30,14861898.0,0.1233,0.125,0.1181,0.1197,-0.0,35.68
2023-05-31,11972213.0,0.1196,0.1215,0.1151,0.1164,-0.0,29.46
2023-06-01,12695720.0,0.1165,0.1218,0.1143,0.1186,-0.0,35.0
2023-06-02,9998196.0,0.1186,0.1201,0.1154,0.1181,-0.0,34.92
2023-06-03,8273251.0,0.1181,0.12,0.1152,0.1164,-0.0,27.79
2023-06-04,7333826.0,0.1164,0.1185,0.1148,0.1152,-0.0,29.92
2023-06-05,16246951.0,0.115,0.117,0.0948,0.1007,-0.01,20.94
2023-06-06,26594348.0,0.1008,0.1142,0.0989,0.1095,-0.01,28.25
2023-06-07,42519801.0,0.1096,0.1176,0.1022,0.1053,-0.01,30.67
2023-06-08,11618907.0,0.1052,0.1078,0.1021,0.1065,-0.01,34.84
2023-06-09,8132135.0,0.1065,0.1067,0.1,0.1012,-0.01,31.78
2023-06-10,23076481.0,0.1011,0.1012,0.08,0.0842,-0.01,23.4
2023-06-11,13707394.0,0.0842,0.0861,0.0813,0.0827,-0.01,17.76
2023-06-12,11257479.0,0.0826,0.0829,0.0792,0.081,-0.01,18.29
2023-06-13,35404589.0,0.081,0.0923,0.0802,0.0874,-0.01,26.76
2023-06-14,24703108.0,0.0875,0.0935,0.0806,0.0831,-0.01,26.38
2023-06-15,14637562.0,0.0829,0.0869,0.079,0.0846,-0.01,25.64
2023-06-16,13636831.0,0.0847,0.09,0.0836,0.087,-0.01,28.31
2023-06-17,10079701.0,0.0871,0.0899,0.0844,0.0872,-0.01,29.2
2023-06-18,4143557.0,0.0872,0.0882,0.0841,0.0856,-0.01,29.04
2023-06-19,13042609.0,0.0855,0.0913,0.0847,0.0888,-0.01,39.97
2023-06-20,47026345.0,0.0889,0.102,0.0875,0.0988,-0.01,41.16
2023-06-21,43019616.0,0.0988,0.105,0.0948,0.1031,-0.01,48.18
2023-06-22,24005207.0,0.1032,0.1075,0.0968,0.0973,-0.01,42.94
2023-06-23,36281932.0,0.0972,0.1168,0.096,0.111,-0.0,56.66
2023-06-24,28854292.0,0.1109,0.12,0.1035,0.1066,-0.0,68.36
2023-06-25,12618854.0,0.1067,0.1085,0.1011,0.1025,-0.0,65.57
2023-06-26,14679285.0,0.1025,0.1029,0.0964,0.0983,-0.0,63.09
2023-06-27,8841278.0,0.0982,0.1003,0.0974,0.099,-0.0,59.6
2023-06-28,9673607.0,0.0989,0.0989,0.0903,0.0919,-0.0,56.96
2023-06-29,10419052.0,0.0918,0.0968,0.0913,0.0932,-0.0,56.83
2023-06-30,13802372.0,0.0931,0.0985,0.0906,0.096,-0.0,57.1
2023-07-01,8493352.0,0.0962,0.0995,0.0951,0.0984,-0.0,58.54
2023-07-02,12190038.0,0.0984,0.0984,0.0922,0.095,-0.0,56.97
2023-07-03,34968266.0,0.095,0.105,0.0939,0.1019,-0.0,59.21
2023-07-04,18546101.0,0.102,0.103,0.0964,0.0978,-0.0,49.23
2023-07-05,15708442.0,0.0977,0.099,0.0896,0.0902,-0.0,40.58
2023-07-06,15587785.0,0.0903,0.0953,0.0868,0.0869,-0.0,42.12
2023-07-07,23910993.0,0.0869,0.0939,0.0857,0.0907,-0.0,31.91
2023-07-08,11683303.0,0.0908,0.0919,0.0869,0.0883,-0.0,33.09
2023-07-09,11229977.0,0.0883,0.0933,0.0875,0.088,-0.0,35.59
2023-07-10,8471923.0,0.088,0.09,0.0857,0.0876,-0.0,38.49
2023-07-11,9720772.0,0.0876,0.092,0.0868,0.0904,-0.0,41.15
2023-07-12,7030695.0,0.0904,0.0907,0.0874,0.0883,-0.0,45.87
2023-07-13,12216762.0,0.0883,0.0935,0.0862,0.0929,-0.0,49.68
2023-07-14,10700166.0,0.093,0.0938,0.0879,0.089,-0.0,42.71
2023-07-15,15671564.0,0.0891,0.0954,0.0885,0.0924,-0.0,43.88
2023-07-16,10309062.0,0.0925,0.0935,0.088,0.0884,-0.0,43.35
2023-07-17,11294703.0,0.0883,0.0932,0.087,0.0891,-0.0,35.25
2023-07-18,8218943.0,0.089,0.0894,0.0844,0.0857,-0.0,35.83
2023-07-19,5592027.0,0.0856,0.0884,0.0845,0.0863,-0.0,44.54
2023-07-20,3200931.0,0.0863,0.088,0.085,0.0856,-0.0,48.04
2023-07-21,2800045.0,0.0856,0.0864,0.0845,0.0852,-0.0,40.74
2023-07-22,10355850.0,0.0854,0.0864,0.0803,0.0814,-0.0,38.91
2023-07-23,6218063.0,0.0813,0.0845,0.0805,0.0831,-0.0,42.46
2023-07-24,8379693.0,0.0832,0.0835,0.0763,0.0786,-0.0,37.7
2023-07-25,5054562.0,0.0788,0.0805,0.0773,0.0787,-0.0,32.74
2023-07-26,2425237.0,0.0788,0.0796,0.0774,0.0782,-0.0,34.37
2023-07-27,4333052.0,0.0783,0.0807,0.0778,0.0786,-0.0,24.56
2023-07-28,2267342.0,0.0785,0.0791,0.0775,0.0782,-0.0,28.05
2023-07-29,10014973.0,0.0781,0.084,0.078,0.0813,-0.0,27.16
2023-07-30,21240328.0,0.0813,0.086,0.0805,0.0819,-0.0,34.45
2023-07-31,5984370.0,0.082,0.0827,0.0787,0.0791,-0.0,28.26
2023-08-01,11972318.0,0.0791,0.0837,0.0772,0.0811,-0.0,39.35
2023-08-02,9142927.0,0.0812,0.0834,0.0792,0.0806,-0.0,36.74
2023-08-03,32168925.0,0.0806,0.089,0.0797,0.0819,-0.0,41.63
2023-08-04,7426401.0,0.0818,0.0823,0.0781,0.079,-0.0,37.4
2023-08-05,5782659.0,0.079,0.079,0.0759,0.0776,-0.0,41.44
2023-08-06,4819767.0,0.0776,0.0781,0.0757,0.0766,-0.0,34.88
2023-08-07,6350474.0,0.0767,0.0778,0.0735,0.0753,-0.0,40.98
2023-08-08,13715549.0,0.0753,0.0831,0.0749,0.0783,-0.0,49.06
2023-08-09,8925412.0,0.0783,0.0807,0.0756,0.0767,-0.0,46.64
2023-08-10,2485276.0,0.0766,0.0767,0.0755,0.0758,-0.0,43.86
2023-08-11,3159421.0,0.0758,0.0769,0.0749,0.0757,-0.0,44.44
2023-08-12,2093551.0,0.0756,0.0775,0.0754,0.076,-0.0,36.55
2023-08-13,4202426.0,0.076,0.0778,0.0756,0.0769,-0.0,37.5
2023-08-14,4059961.0,0.0767,0.0785,0.0755,0.0781,-0.0,47.28
2023-08-15,4824510.0,0.0781,0.0781,0.0745,0.0747,-0.0,33.84
2023-08-16,4448073.0,0.0747,0.0751,0.0699,0.0707,-0.0,28.76
2023-08-17,6094108.0,0.0707,0.0719,0.0627,0.0651,-0.0,19.57
2023-08-18,3700980.0,0.0651,0.0669,0.0645,0.0664,-0.0,25.77
2023-08-19,1772247.0,0.0664,0.0679,0.0659,0.0667,-0.0,28.11
2023-08-20,1276228.0,0.0668,0.0674,0.0662,0.0669,-0.0,29.88
2023-08-21,27163834.0,0.067,0.0754,0.0643,0.0696,-0.0,38.82
2023-08-22,104047049.0,0.0697,0.0816,0.0678,0.0731,-0.0,40.0
2023-08-23,30823661.0,0.0731,0.0775,0.0708,0.0725,-0.0,41.6
2023-08-24,10338023.0,0.0725,0.074,0.0687,0.0691,-0.0,37.82
2023-08-25,39655826.0,0.069,0.0795,0.0669,0.0749,-0.0,48.8
2023-08-26,17485258.0,0.0748,0.0778,0.0716,0.0719,-0.0,44.29
2023-08-27,11791818.0,0.0719,0.0766,0.0714,0.0725,-0.0,43.82
2023-08-28,15658693.0,0.0727,0.0766,0.0715,0.0746,-0.0,45.21
2023-08-29,38459912.0,0.0747,0.084,0.0723,0.0792,-0.0,55.97
2023-08-30,13810249.0,0.0792,0.0809,0.0741,0.0757,-0.0,56.72
2023-08-31,7177948.0,0.0758,0.076,0.072,0.0728,-0.0,61.16
2023-09-01,3901188.0,0.0729,0.074,0.0695,0.0703,-0.0,55.46
2023-09-02,3471164.0,0.0703,0.0737,0.0701,0.0729,-0.0,58.16
2023-09-03,5640980.0,0.073,0.0746,0.0709,0.0714,-0.0,55.73
2023-09-04,5691387.0,0.0714,0.0729,0.0697,0.0709,-0.0,51.75
2023-09-05,2894113.0,0.0706,0.0723,0.0699,0.0718,-0.0,48.12
2023-09-06,8133850.0,0.0716,0.0734,0.0694,0.0726,-0.0,50.14
2023-09-07,15088368.0,0.0726,0.0748,0.0717,0.0742,-0.0,57.75
2023-09-08,5498383.0,0.074,0.0742,0.0709,0.0728,-0.0,46.32
2023-09-09,6670810.0,0.0728,0.0735,0.0719,0.0725,-0.0,51.16
2023-09-10,3080470.0,0.0725,0.0728,0.069,0.0709,-0.0,47.01
2023-09-11,6146760.0,0.0708,0.0714,0.0682,0.0689,-0.0,39.33
2023-09-12,3618606.0,0.069,0.0713,0.0689,0.0695,-0.0,28.63
2023-09-13,9785647.0,0.0693,0.0701,0.0665,0.068,-0.0,31.4
2023-09-14,11707966.0,0.0681,0.0728,0.067,0.0698,-0.0,42.35
2023-09-15,3931613.0,0.0701,0.0706,0.0685,0.0698,-0.0,48.54
2023-09-16,4229110.0,0.0697,0.0711,0.069,0.0699,-0.0,39.73
2023-09-17,8970213.0,0.0699,0.0699,0.0655,0.0662,-0.0,34.52
2023-09-18,17642766.0,0.0661,0.0726,0.0651,0.0693,-0.0,45.88
2023-09-19,5680979.0,0.0692,0.0712,0.0684,0.0699,-0.0,45.03
2023-09-20,6448255.0,0.0698,0.0705,0.068,0.0695,-0.0,41.71
2023-09-21,4078535.0,0.0695,0.07,0.0667,0.0673,-0.0,32.12
2023-09-22,1866954.0,0.0671,0.069,0.0665,0.0682,-0.0,37.77
2023-09-23,3749769.0,0.0682,0.0689,0.0675,0.0687,-0.0,40.0
2023-09-24,2958716.0,0.0687,0.0687,0.0663,0.0667,-0.0,39.18
2023-09-25,3067003.0,0.0666,0.0687,0.066,0.0678,-0.0,47.03
2023-09-26,1919874.0,0.0679,0.0684,0.0664,0.0669,-0.0,43.09
2023-09-27,3772857.0,0.0669,0.0682,0.0655,0.0663,-0.0,45.25
2023-09-28,2617777.0,0.0662,0.068,0.066,0.0672,-0.0,42.35
2023-09-29,3949937.0,0.0671,0.0686,0.0667,0.0683,-0.0,45.86
2023-09-30,4740013.0,0.0683,0.0699,0.0679,0.069,-0.0,47.59
2023-10-01,9421693.0,0.069,0.0722,0.0687,0.0712,-0.0,64.53
2023-10-02,12684897.0,0.0712,0.0742,0.0693,0.0708,-0.0,55.17
2023-10-03,3728507.0,0.0706,0.0711,0.0679,0.0683,-0.0,45.12
2023-10-04,5535803.0,0.0682,0.07,0.0666,0.0689,-0.0,48.19
2023-10-05,3553566.0,0.0691,0.0691,0.0671,0.0676,-0.0,50.96
2023-10-06,2758821.0,0.0676,0.0692,0.067,0.0679,-0.0,49.01
2023-10-07,12130154.0,0.0679,0.0722,0.0678,0.0687,-0.0,50.0
2023-10-08,5772695.0,0.0686,0.0702,0.0672,0.0681,-0.0,55.0
2023-10-09,4938462.0,0.0681,0.0683,0.0633,0.0654,-0.0,42.31
2023-10-10,2984026.0,0.0654,0.067,0.0646,0.0662,-0.0,47.74
2023-10-11,4648106.0,0.0662,0.0681,0.0636,0.0645,-0.0,44.58
2023-10-12,2982065.0,0.0645,0.0645,0.0622,0.0634,-0.0,38.69
2023-10-13,5377377.0,0.0633,0.0656,0.063,0.064,-0.0,36.81
2023-10-14,1998863.0,0.0641,0.0644,0.0635,0.0643,-0.0,35.22
2023-10-15,49332320.0,0.0643,0.0743,0.0639,0.0697,-0.0,46.07
2023-10-16,200855457.0,0.0697,0.0872,0.0696,0.0754,-0.0,59.43
2023-10-17,27335382.0,0.0753,0.0761,0.0689,0.0711,0.0,55.34
2023-10-18,22736956.0,0.0711,0.076,0.0691,0.0701,0.0,52.26
2023-10-19,29191776.0,0.0701,0.0766,0.0691,0.0732,0.0,59.86
2023-10-20,259179165.0,0.0732,0.1175,0.0717,0.0941,0.0,76.73
2023-10-21,301098794.0,0.0941,0.1318,0.0924,0.1019,0.0,79.64
2023-10-22,228670135.0,0.1018,0.1245,0.0887,0.1109,0.01,83.23
2023-10-23,260905003.0,0.1107,0.1491,0.1003,0.1334,0.01,90.38
2023-10-24,187359152.0,0.1335,0.1488,0.116,0.1224,0.01,79.77
2023-10-25,102075784.0,0.1224,0.1307,0.113,0.1189,0.01,78.27
2023-10-26,68465754.0,0.1189,0.1274,0.112,0.1204,0.01,79.5
2023-10-27,47220183.0,0.1203,0.1248,0.1144,0.1174,0.01,76.97
2023-10-28,29763765.0,0.1175,0.1245,0.1169,0.123,0.01,78.14
2023-10-29,45089996.0,0.1229,0.1231,0.115,0.1177,0.01,73.03
2023-10-30,31530262.0,0.1178,0.1216,0.1151,0.1165,0.01,70.61
2023-10-31,56250952.0,0.1166,0.1185,0.1022,0.1082,0.01,67.89
2023-11-01,65597299.0,0.1083,0.116,0.1052,0.1119,0.01,69.64
2023-11-02,53976031.0,0.112,0.1204,0.1088,0.1124,0.01,68.88
2023-11-03,146718805.0,0.1123,0.144,0.1038,0.1358,0.01,69.61
2023-11-04,176023673.0,0.1361,0.1436,0.1103,0.1199,0.01,57.87
2023-11-05,52332383.0,0.12,0.1209,0.1122,0.1142,0.01,51.49
2023-11-06,45933756.0,0.1144,0.1178,0.1104,0.1153,0.01,39.91
2023-11-07,293269207.0,0.1153,0.1335,0.1106,0.1182,0.01,47.43
2023-11-08,62321611.0,0.1183,0.1199,0.1148,0.1177,0.01,49.24
2023-11-09,146877619.0,0.1177,0.1313,0.1043,0.1166,0.01,47.57
2023-11-10,63489695.0,0.1165,0.1177,0.1088,0.1152,0.01,48.56
2023-11-11,40276547.0,0.1154,0.1161,0.1102,0.1128,0.01,43.05
2023-11-12,42136545.0,0.1128,0.1131,0.1059,0.1093,0.01,44.13
2023-11-13,37551104.0,0.1093,0.1125,0.1042,0.1042,0.0,41.85
2023-11-14,43069175.0,0.1044,0.107,0.0972,0.1021,0.0,45.6
2023-11-15,54764705.0,0.1021,0.109,0.1002,0.1083,0.0,47.49
2023-11-16,55323913.0,0.1083,0.1131,0.0981,0.1,0.0,42.21
2023-11-17,32453800.0,0.1,0.103,0.0937,0.0995,0.0,17.99
2023-11-18,14806945.0,0.0995,0.0999,0.0952,0.0992,0.0,24.82
2023-11-19,16599588.0,0.0993,0.1024,0.0966,0.1017,-0.0,33.51
2023-11-20,18429342.0,0.1017,0.1024,0.0984,0.1004,-0.0,30.45
2023-11-21,31014775.0,0.1003,0.1038,0.0908,0.0922,-0.0,20.05
2023-11-22,16409834.0,0.0921,0.1001,0.0919,0.0994,-0.0,31.74
2023-11-23,15574626.0,0.0994,0.1034,0.0971,0.102,-0.0,35.85
2023-11-24,22540046.0,0.1021,0.1046,0.1015,0.1024,-0.0,37.35
2023-11-25,13285648.0,0.1024,0.1064,0.1016,0.105,-0.0,42.32
2023-11-26,29539797.0,0.1051,0.1088,0.0999,0.107,-0.0,47.67
2023-11-27,26286378.0,0.1071,0.1094,0.0988,0.1012,-0.0,47.0
2023-11-28,30588379.0,0.1012,0.1072,0.0988,0.1033,-0.0,51.2
2023-11-29,95224795.0,0.1033,0.1151,0.1028,0.109,-0.0,50.71
2023-11-30,31256004.0,0.109,0.112,0.1053,0.1063,-0.0,57.18
2023-12-01,35074705.0,0.1063,0.113,0.105,0.11,0.0,61.15
2023-12-02,47462607.0,0.1099,0.1162,0.1096,0.1115,0.0,62.73
2023-12-03,48608402.0,0.1115,0.1177,0.1109,0.1143,0.0,62.96
2023-12-04,196247038.0,0.1142,0.1432,0.1102,0.1425,0.0,77.88
2023-12-05,157483041.0,0.1426,0.1675,0.1303,0.1593,0.01,89.89
2023-12-06,87613100.0,0.1597,0.1713,0.1373,0.1382,0.01,69.8
2023-12-07,44512530.0,0.1382,0.1541,0.1368,0.1469,0.01,71.57
2023-12-08,40554554.0,0.1468,0.1494,0.138,0.14,0.01,67.0
2023-12-09,25265442.0,0.1401,0.1417,0.1336,0.1352,0.01,63.39
2023-12-10,12913265.0,0.1353,0.1384,0.1323,0.1355,0.01,62.83
2023-12-11,50580006.0,0.1355,0.1364,0.1125,0.1274,0.01,61.55
2023-12-12,34191750.0,0.1274,0.1338,0.1223,0.1262,0.01,60.18
2023-12-13,19566620.0,0.1262,0.1303,0.1196,0.1284,0.01,58.9
2023-12-14,50236877.0,0.1284,0.1365,0.1256,0.1333,0.01,62.14
2023-12-15,22233600.0,0.1333,0.1342,0.1257,0.1269,0.01,57.42
2023-12-16,18792035.0,0.1269,0.1334,0.1233,0.1304,0.01,58.15
2023-12-17,15174111.0,0.1306,0.1308,0.1214,0.1223,0.0,53.3
2023-12-18,37348912.0,0.1223,0.131,0.1142,0.1305,0.0,44.07
2023-12-19,27732822.0,0.1305,0.1344,0.1233,0.1248,0.0,30.85
2023-12-20,83238735.0,0.1246,0.1519,0.1237,0.1461,0.01,54.37
2023-12-21,57298040.0,0.1461,0.154,0.1362,0.148,0.01,50.66
2023-12-22,26781334.0,0.1482,0.1505,0.1393,0.1399,0.01,49.94
2023-12-23,22363065.0,0.1399,0.1434,0.1362,0.1414,0.01,53.81
2023-12-24,21191889.0,0.1418,0.146,0.1372,0.1399,0.01,52.66
2023-12-25,30001178.0,0.1401,0.1517,0.1387,0.1465,0.01,61.78
2023-12-26,33612435.0,0.1466,0.156,0.142,0.1548,0.01,66.21
2023-12-27,46485245.0,0.1549,0.1619,0.1398,0.1425,0.01,57.17
2023-12-28,44356425.0,0.1425,0.1449,0.1246,0.1293,0.01,48.12
2023-12-29,20171976.0,0.1293,0.1327,0.1251,0.1282,0.0,50.64
2023-12-30,9728034.0,0.1282,0.1297,0.1247,0.1272,0.0,48.38
2023-12-31,13125620.0,0.1273,0.1311,0.1246,0.1275,0.0,52.86
2024-01-01,17348381.0,0.1276,0.1333,0.1229,0.1318,0.0,50.75
2024-01-02,29828991.0,0.1318,0.1388,0.1298,0.1326,0.0,54.74
2024-01-03,39730093.0,0.1327,0.1353,0.1011,0.1203,0.0,32.38
2024-01-04,29908048.0,0.1204,0.1346,0.1182,0.1287,0.0,37.89
2024-01-05,25429782.0,0.1287,0.1378,0.1221,0.1317,0.0,44.5
2024-01-06,17382251.0,0.1318,0.1343,0.1183,0.1222,-0.0,38.38
2024-01-07,48461103.0,0.1224,0.1311,0.117,0.1257,-0.0,41.61
2024-01-08,140044980.0,0.1257,0.1625,0.1122,0.1621,0.0,56.82
2024-01-09,176448462.0,0.162,0.1766,0.1461,0.1729,0.0,57.74
2024-01-10,223264776.0,0.1725,0.1977,0.1372,0.1691,0.01,62.27
2024-01-11,82015627.0,0.1693,0.1807,0.151,0.1558,0.01,62.21
2024-01-12,39828118.0,0.1557,0.1596,0.1375,0.1459,0.01,57.54
2024-01-13,21916846.0,0.1458,0.1506,0.1397,0.1484,0.01,58.92
2024-01-14,15171778.0,0.1482,0.1505,0.1407,0.1415,0.01,55.58
2024-01-15,15081287.0,0.1413,0.1458,0.1392,0.14,0.0,53.34
2024-01-16,13839268.0,0.1401,0.147,0.1393,0.1448,0.0,54.82
2024-01-17,8910115.0,0.1448,0.1461,0.1395,0.1431,0.0,59.83
2024-01-18,18286613.0,0.1431,0.1437,0.1291,0.1311,0.0,51.0
2024-01-19,12628669.0,0.1312,0.1318,0.1204,0.1293,0.0,48.99
2024-01-20,10812892.0,0.1294,0.1302,0.1255,0.1284,0.0,52.82
2024-01-21,29683793.0,0.1282,0.14,0.126,0.1321,-0.0,52.91
2024-01-22,20364422.0,0.132,0.134,0.1262,0.1305,-0.0,28.99
2024-01-23,20643748.0,0.1305,0.1333,0.1181,0.1256,-0.0,15.87
2024-01-24,9585774.0,0.1256,0.1293,0.1236,0.1281,-0.0,19.85
2024-01-25,10128658.0,0.128,0.1303,0.1236,0.1269,-0.0,24.15
2024-01-26,15414295.0,0.1267,0.1357,0.1259,0.1312,-0.0,35.39
2024-01-27,11065431.0,0.1312,0.1344,0.1295,0.1328,-0.0,34.21
2024-01-28,6277180.0,0.1328,0.1342,0.1285,0.1302,-0.0,37.47
2024-01-29,7805352.0,0.1299,0.1345,0.1273,0.1339,-0.0,43.55
2024-01-30,26365336.0,0.1341,0.1409,0.1315,0.133,-0.0,36.41
2024-01-31,9192098.0,0.133,0.1338,0.1268,0.1286,-0.0,34.27
2024-02-01,6633332.0,0.1284,0.131,0.1262,0.1306,-0.0,49.31
2024-02-02,5090308.0,0.1308,0.1314,0.1275,0.1303,-0.0,51.45
2024-02-03,3432793.0,0.1303,0.1312,0.127,0.1275,-0.0,48.77
2024-02-04,5718177.0,0.1275,0.1278,0.1234,0.1243,-0.0,39.17
2024-02-05,5559484.0,0.1244,0.1263,0.1211,0.1242,-0.0,40.87
2024-02-06,6747654.0,0.124,0.1275,0.1237,0.1266,-0.0,51.56
2024-02-07,7410902.0,0.1267,0.1329,0.1266,0.1322,-0.0,55.84
2024-02-08,27327094.0,0.1322,0.1449,0.1314,0.1405,-0.0,66.11
2024-02-09,22309854.0,0.1404,0.1467,0.1386,0.1397,-0.0,60.98
2024-02-10,7239772.0,0.1399,0.1419,0.1372,0.1394,0.0,58.82
2024-02-11,10209273.0,0.1395,0.1425,0.1364,0.1382,0.0,61.11
2024-02-12,15931610.0,0.1381,0.1481,0.1341,0.1458,0.0,64.91
2024-02-13,29766626.0,0.1458,0.1551,0.1435,0.1498,0.0,69.53
2024-02-14,40791893.0,0.15,0.1697,0.1485,0.1667,0.0,84.32
2024-02-15,340583635.0,0.1668,0.2585,0.1659,0.2206,0.01,91.9
2024-02-16,81462091.0,0.2207,0.2516,0.2,0.2036,0.01,79.53
2024-02-17,39044744.0,0.2037,0.2181,0.2006,0.2171,0.02,83.23
2024-02-18,27237421.0,0.217,0.2244,0.2083,0.213,0.02,82.68
2024-02-19,42513514.0,0.2131,0.2371,0.2086,0.2101,0.02,81.01
2024-02-20,38459619.0,0.2103,0.2106,0.1834,0.1911,0.02,70.79
2024-02-21,20597364.0,0.1911,0.1926,0.1779,0.1867,0.02,67.71
2024-02-22,16950806.0,0.1868,0.197,0.1811,0.1901,0.02,66.64
2024-02-23,11870794.0,0.1901,0.197,0.1863,0.193,0.02,67.64
2024-02-24,11252428.0,0.1932,0.1982,0.1868,0.1928,0.02,67.68
2024-02-25,28405395.0,0.1929,0.21,0.1904,0.2056,0.02,70.73
2024-02-26,28809251.0,0.2055,0.2212,0.1932,0.2119,0.02,70.49
2024-02-27,74455764.0,0.2119,0.2485,0.2119,0.2182,0.02,70.9
2024-02-28,56614595.0,0.2182,0.2506,0.1951,0.2247,0.02,68.93
2024-02-29,32069085.0,0.2248,0.24,0.2048,0.2104,0.02,45.51
2024-03-01,23896284.0,0.2106,0.2236,0.2097,0.2214,0.02,58.27
2024-03-02,21399051.0,0.2214,0.2317,0.2161,0.2282,0.02,55.5
2024-03-03,19319305.0,0.2282,0.2318,0.1984,0.2206,0.02,53.64
2024-03-04,76578831.0,0.2208,0.273,0.2193,0.2512,0.02,65.56
2024-03-05,39860464.0,0.2512,0.2594,0.18,0.2173,0.02,58.91
2024-03-06,25739120.0,0.2172,0.2261,0.2073,0.222,0.02,61.98
2024-03-07,21950772.0,0.2221,0.2318,0.213,0.2303,0.02,63.21
2024-03-08,32961083.0,0.2304,0.2597,0.2271,0.2551,0.02,67.83
2024-03-09,16970396.0,0.2553,0.2631,0.2445,0.2609,0.02,68.95
2024-03-10,36624555.0,0.2609,0.2883,0.2536,0.2601,0.02,66.25
2024-03-11,52499879.26,0.2603,0.328,0.2438,0.2851,0.02,69.64
2024-03-12,18221943.0,0.285,0.2865,0.2613,0.2786,0.02,66.18
2024-03-13,20573106.0,0.2787,0.2958,0.2762,0.2884,0.03,66.77
2024-03-14,18876208.0,0.2882,0.2941,0.2578,0.2773,0.03,67.92
2024-03-15,20398934.0,0.2775,0.2848,0.2388,0.2668,0.02,62.19
2024-03-16,14533830.0,0.2669,0.2704,0.2286,0.2381,0.02,52.38
2024-03-17,13888469.0,0.2373,0.2539,0.2232,0.2504,0.02,57.0
2024-03-18,13322567.0,0.2504,0.2528,0.2268,0.2334,0.02,45.53
2024-03-19,19798174.0,0.2333,0.2364,0.1995,0.2127,0.01,48.76
2024-03-20,20631194.0,0.2131,0.2464,0.201,0.2416,0.01,54.66
2024-03-21,10084916.0,0.2415,0.2456,0.229,0.2357,0.01,51.3
2024-03-22,15871378.0,0.2356,0.2565,0.2213,0.2287,0.01,43.05
2024-03-23,61037399.0,0.2285,0.283,0.2273,0.2538,0.01,48.3
2024-03-24,42018191.0,0.2539,0.2718,0.2454,0.262,0.01,50.44
2024-03-25,34066011.0,0.2617,0.2864,0.2519,0.2758,0.01,47.74
2024-03-26,43975137.0,0.2757,0.2995,0.2738,0.2928,0.01,53.29
2024-03-27,36071965.0,0.2927,0.3099,0.2744,0.276,0.01,47.22
2024-03-28,13677144.0,0.2759,0.2782,0.2624,0.2638,0.01,46.99
2024-03-29,18925944.0,0.2638,0.2768,0.2605,0.2678,0.01,50.23
2024-03-30,24458978.0,0.2679,0.2997,0.2634,0.2809,0.01,60.59
2024-03-31,24541773.0,0.2809,0.2978,0.28,0.2879,0.01,59.53
2024-04-01,95734801.79,0.2879,0.3443,0.28,0.306,0.02,68.35
2024-04-02,43901813.0,0.3063,0.3098,0.2522,0.2708,0.01,63.68
2024-04-03,20039619.0,0.2711,0.2716,0.24,0.2438,0.01,50.52
2024-04-04,20121965.0,0.2435,0.2618,0.2398,0.2525,0.01,53.94
2024-04-05,10193252.0,0.2524,0.2574,0.2399,0.2493,0.01,54.92
2024-04-06,19169178.0,0.2493,0.2778,0.2472,0.2696,0.01,53.86
2024-04-07,18318733.0,0.2693,0.2856,0.2672,0.2819,0.01,54.77
2024-04-08,14200792.0,0.2819,0.2893,0.2768,0.2775,0.01,50.43
2024-04-09,10278805.0,0.2775,0.278,0.2569,0.2594,0.01,41.67
2024-04-10,9393933.0,0.2594,0.2621,0.2438,0.2604,0.01,45.77
2024-04-11,6548804.0,0.2605,0.2639,0.2483,0.2502,0.0,46.28
2024-04-12,21714723.0,0.2503,0.2588,0.1868,0.209,-0.0,36.62
2024-04-13,34635107.0,0.209,0.2164,0.167,0.1909,-0.01,29.98
2024-04-14,17166406.0,0.1911,0.2135,0.1821,0.2116,-0.01,34.0
2024-04-15,14781864.0,0.2116,0.2182,0.1913,0.1981,-0.01,26.93
2024-04-16,9261029.0,0.1983,0.2061,0.1885,0.2021,-0.01,33.05
2024-04-17,8130704.0,0.2022,0.2039,0.1851,0.1921,-0.01,36.08
2024-04-18,7452912.0,0.1918,0.2048,0.1868,0.2009,-0.02,36.11
2024-04-19,10186163.0,0.2012,0.2102,0.1827,0.2038,-0.02,37.74
2024-04-20,10382450.0,0.2039,0.225,0.2005,0.2177,-0.01,35.51
2024-04-21,8415304.0,0.218,0.2193,0.2072,0.2112,-0.01,29.6
2024-04-22,15418375.0,0.2112,0.2245,0.21,0.2201,-0.01,33.86
2024-04-23,8112473.0,0.2201,0.2231,0.2149,0.2171,-0.01,37.0
2024-04-24,8839021.0,0.217,0.2241,0.2027,0.2052,-0.01,34.1
2024-04-25,9430574.0,0.2051,0.2069,0.195,0.1985,-0.01,34.8
2024-04-26,10526868.0,0.1985,0.1992,0.1863,0.1874,-0.01,42.29
2024-04-27,7395168.0,0.1876,0.1936,0.1787,0.1908,-0.01,49.96
2024-04-28,4852634.0,0.1909,0.197,0.1875,0.1888,-0.01,39.31
2024-04-29,5380265.0,0.1885,0.1915,0.1819,0.1872,-0.01,44.24
2024-04-30,7868059.0,0.1875,0.1899,0.1673,0.1762,-0.02,37.27
2024-05-01,8935486.0,0.1764,0.178,0.1616,0.1749,-0.02,40.75
2024-05-02,6643939.0,0.1749,0.1795,0.1684,0.1774,-0.02,36.45
2024-05-03,7203548.0,0.1775,0.192,0.1758,0.1891,-0.01,42.3
2024-05-04,13188835.0,0.189,0.1918,0.1804,0.1813,-0.01,29.64
2024-05-05,15338870.0,0.1813,0.1817,0.1719,0.1776,-0.01,30.6
2024-05-06,12606066.0,0.1776,0.1836,0.1702,0.1706,-0.01,20.78
2024-05-07,10544764.0,0.1706,0.1805,0.1685,0.1704,-0.01,21.49
2024-05-08,8262608.0,0.1703,0.1741,0.1665,0.1681,-0.01,24.34
2024-05-09,6830084.0,0.168,0.1747,0.1628,0.1732,-0.01,32.11
2024-05-10,15831067.0,0.1732,0.1749,0.156,0.1586,-0.01,30.59
2024-05-11,6394516.0,0.1585,0.1606,0.1546,0.1553,-0.02,26.05
2024-05-12,3755690.0,0.1552,0.1581,0.1533,0.1547,-0.02,26.55
2024-05-13,8526161.0,0.1549,0.1624,0.1477,0.1543,-0.02,26.99
2024-05-14,7715336.0,0.1543,0.1566,0.1496,0.1502,-0.02,29.88
2024-05-15,7485962.0,0.1502,0.1638,0.1499,0.1621,-0.02,41.49
2024-05-16,22425186.0,0.1622,0.1722,0.1517,0.1572,-0.01,36.98
2024-05-17,9534855.0,0.1572,0.169,0.1536,0.1635,-0.01,32.27
2024-05-18,4038478.0,0.1635,0.1654,0.16,0.1626,-0.01,35.68
2024-05-19,3690378.0,0.1624,0.1646,0.1539,0.1552,-0.01,33.77
2024-05-20,8490389.0,0.1553,0.1715,0.152,0.1708,-0.01,50.13
